        1	2024-03-18 12:51:38	1	0	16	0
        2	2024-03-18 12:54:17	1	0	16	0
        2	2024-03-18 12:54:19	1	0	16	0
        2	2024-03-18 12:54:21	1	0	16	0
        2	2024-03-18 12:55:07	1	0	1	0
        2	2024-03-18 12:55:12	1	0	16	0
        2	2024-03-18 12:55:14	1	0	1	0
        2	2024-03-18 12:55:16	1	0	16	0
        2	2024-03-18 12:55:52	1	0	16	0
        2	2024-03-18 12:55:54	1	0	16	0
        2	2024-03-18 12:56:08	1	0	16	0
        2	2024-03-18 12:56:10	1	0	16	0
        2	2024-03-18 12:56:13	1	0	16	0
        2	2024-03-18 12:56:15	1	0	16	0
        2	2024-03-18 12:58:34	1	0	16	0
        2	2024-03-18 12:58:36	1	0	16	0
        2	2024-03-18 12:58:48	1	0	1	0
        2	2024-03-18 12:58:56	1	0	1	0
        2	2024-03-18 13:00:25	1	0	1	0
        2	2024-03-18 13:00:33	1	0	16	0
        2	2024-03-18 13:00:43	1	0	1	0
        2	2024-03-18 13:00:52	1	0	16	0
        2	2024-03-18 13:00:57	1	0	1	0
        1	2024-03-18 13:03:17	1	0	16	0
        1	2024-03-18 13:03:19	1	0	16	0
        1	2024-03-18 13:03:21	1	0	16	0
        1	2024-03-18 13:03:23	1	0	16	0
        1	2024-03-18 13:03:25	1	0	16	0
        1	2024-03-18 13:03:27	1	0	16	0
        3	2024-03-18 13:07:07	1	0	16	0
        3	2024-03-18 13:07:21	1	0	16	0
        3	2024-03-18 13:07:23	1	0	16	0
        3	2024-03-18 13:07:33	1	0	1	0
        3	2024-03-18 13:07:40	1	0	1	0
        2	2024-03-18 13:12:43	1	0	16	0
        2	2024-03-18 13:12:45	1	0	16	0
        2	2024-03-18 13:12:47	1	0	16	0
        2	2024-03-18 13:12:48	1	0	1	0
        2	2024-03-18 13:12:51	1	0	1	0
        2	2024-03-18 13:12:53	1	0	1	0
        2	2024-03-18 13:12:56	1	0	1	0
        2	2024-03-18 13:15:25	1	0	0	0
        2	2024-03-18 13:15:43	1	0	0	0
        2	2024-03-18 13:16:54	1	0	0	0
        2	2024-03-18 13:18:06	1	0	0	0
        3	2024-03-18 13:18:33	1	0	1	0
        3	2024-03-18 13:18:47	1	0	1	0
        3	2024-03-18 13:18:57	1	0	1	0
        2	2024-03-18 13:19:07	1	0	16	0
        2	2024-03-18 13:19:09	1	0	16	0
        2	2024-03-18 13:19:11	1	0	16	0
        2	2024-03-18 13:19:12	1	0	16	0
        3	2024-03-18 13:19:14	1	0	1	0
        2	2024-03-18 13:19:16	1	0	16	0
        2	2024-03-18 13:19:20	1	0	1	0
        3	2024-03-18 13:19:24	1	0	1	0
        2	2024-03-18 13:19:35	1	0	16	0
        2	2024-03-18 13:19:37	1	0	16	0
        2	2024-03-22 13:55:02	1	0	1	0
        2	2024-03-22 13:55:11	1	0	1	0
        2	2024-03-22 15:29:07	1	0	1	0
        3	2024-03-22 15:29:13	1	0	1	0
        3	2024-03-22 15:29:21	1	0	1	0
        1	2024-03-22 16:52:51	1	0	1	0
        2	2024-03-22 16:53:30	1	0	1	0
        2	2024-03-22 17:05:04	1	0	1	0
        1	2024-03-25 09:34:30	1	0	16	0
        2	2024-03-25 09:45:48	1	0	1	0
        1	2024-03-25 10:03:08	1	0	16	0
        1	2024-03-25 10:03:10	1	0	16	0
        2	2024-03-25 12:58:00	1	0	1	0
        2	2024-03-25 12:58:04	1	0	1	0
        2	2024-03-25 12:58:06	1	0	1	0
        3	2024-03-25 12:58:11	1	0	1	0
        4	2024-03-25 13:00:46	1	0	1	0
        4	2024-03-25 13:00:52	1	0	1	0
        3	2024-03-25 13:33:43	1	0	16	0
        3	2024-03-25 13:33:45	1	0	16	0
        2	2024-03-25 14:13:01	1	0	1	0
        2	2024-03-26 10:40:15	1	0	1	0
        3	2024-03-26 11:52:57	1	0	16	0
        3	2024-03-26 11:52:59	1	0	16	0
        1	2024-03-26 14:18:14	1	0	1	0
        1	2024-03-26 14:18:16	1	0	16	0
        5	2024-03-26 15:53:06	1	0	1	0
        5	2024-03-26 15:53:15	1	0	16	0
        5	2024-03-26 15:53:17	1	0	16	0
        1	2024-03-26 16:18:34	1	0	1	0
        4	2024-03-28 09:24:57	1	0	1	0
        4	2024-04-01 09:09:28	1	0	1	0
        2	2024-04-01 09:35:21	1	0	1	0
        4	2024-04-02 09:30:47	1	0	1	0
        4	2024-04-02 14:37:04	1	0	1	0
        3	2024-04-02 14:37:10	1	0	1	0
        4	2024-04-03 09:24:11	1	0	1	0
        2	2024-04-03 10:06:24	1	0	1	0
        3	2024-04-03 13:25:44	1	0	1	0
        3	2024-04-03 14:03:29	1	0	1	0
        3	2024-04-04 12:44:29	1	0	1	0
        4	2024-04-05 09:18:58	1	0	1	0
        2	2024-04-05 17:57:37	1	0	1	0
        2	2024-04-05 17:57:40	1	0	1	0
        5	2024-04-05 18:53:02	1	0	1	0
        2	2024-04-16 09:12:29	1	0	1	0
        3	2024-04-18 09:54:26	1	0	16	0
        3	2024-04-18 09:54:28	1	0	16	0
        3	2024-04-18 09:54:35	1	0	1	0
        3	2024-04-18 09:54:37	1	0	1	0
        4	2024-04-18 09:54:38	1	0	1	0
        3	2024-04-18 09:54:44	1	0	1	0
        3	2024-04-18 11:49:58	1	0	16	0
        3	2024-04-18 11:50:04	1	0	1	0
        3	2024-04-18 11:50:25	1	1	1	0
        1	2024-04-18 18:02:23	1	1	1	0
        4	2024-04-22 08:50:47	1	0	1	0
        4	2024-04-22 19:19:05	1	0	1	0
        4	2024-04-22 19:19:12	1	0	1	0
        2	2024-04-23 11:33:55	1	0	1	0
        4	2024-04-23 13:12:36	1	0	16	0
        4	2024-04-29 08:52:25	1	0	1	0
        2	2024-04-29 08:58:44	1	0	1	0
        6	2024-04-29 09:07:51	1	0	1	0
        7	2024-04-29 22:57:18	1	0	16	0
        7	2024-04-29 22:57:20	1	0	16	0
        7	2024-04-29 22:57:27	1	0	1	0
        4	2024-04-30 09:00:06	1	0	1	0
        6	2024-04-30 09:04:20	1	0	1	0
        7	2024-04-30 11:14:47	1	0	1	0
        7	2024-04-30 14:32:45	1	0	1	0
       10	2024-04-30 16:29:50	1	0	1	0
       10	2024-04-30 16:30:44	1	0	1	0
       10	2024-04-30 16:30:46	1	0	16	0
       10	2024-04-30 16:30:49	1	0	16	0
       10	2024-04-30 16:33:34	1	0	16	0
       11	2024-04-30 16:44:36	1	0	16	0
       11	2024-04-30 16:44:42	1	0	16	0
       11	2024-04-30 16:44:44	1	0	16	0
       11	2024-04-30 16:47:33	1	1	1	0
       11	2024-04-30 16:47:46	1	1	1	0
       11	2024-04-30 16:47:48	1	1	1	0
       11	2024-04-30 16:47:49	1	1	1	0
       11	2024-04-30 16:47:51	1	1	1	0
       11	2024-04-30 16:50:41	1	1	1	0
        6	2024-04-30 18:20:57	1	0	1	0
        4	2024-05-01 09:56:54	1	0	1	0
       11	2024-05-01 17:50:01	1	0	1	0
       11	2024-05-01 17:53:17	1	0	0	0
        7	2024-05-01 17:53:57	1	0	1	0
        7	2024-05-01 17:54:40	1	0	1	0
        3	2024-05-01 17:54:44	1	0	1	0
        4	2024-05-01 17:54:48	1	0	1	0
       10	2024-05-02 08:27:09	1	0	1	0
        3	2024-05-02 08:30:42	1	0	1	0
       15	2024-05-02 08:40:28	1	0	1	0
        2	2024-05-02 08:41:21	1	0	1	0
        1	2024-05-02 08:43:38	1	0	1	0
        4	2024-05-02 08:44:09	1	0	1	0
        6	2024-05-02 08:45:18	1	0	1	0
        7	2024-05-02 08:51:07	1	0	1	0
       12	2024-05-02 08:53:08	1	0	1	0
        5	2024-05-02 09:04:08	1	0	1	0
        9	2024-05-02 09:08:39	1	0	16	0
        9	2024-05-02 09:08:41	1	0	16	0
       11	2024-05-02 09:28:19	1	0	1	0
       11	2024-05-02 09:28:25	1	0	1	0
        1	2024-05-02 18:04:53	1	1	1	0
        6	2024-05-02 18:04:59	1	1	1	0
       16	2024-05-02 18:10:22	1	1	1	0
        2	2024-05-02 18:10:41	1	1	1	0
        3	2024-05-02 18:11:10	1	1	1	0
        9	2024-05-02 18:25:05	1	0	16	0
        9	2024-05-02 18:25:08	1	0	16	0
        9	2024-05-02 18:25:11	1	0	16	0
        9	2024-05-02 18:25:24	1	1	16	0
        9	2024-05-02 18:25:26	1	1	16	0
       12	2024-05-02 19:52:41	1	1	1	0
        7	2024-05-02 19:52:54	1	1	1	0
       11	2024-05-02 19:53:02	1	1	16	0
       11	2024-05-02 19:53:04	1	1	16	0
       11	2024-05-02 19:53:13	1	1	1	0
       11	2024-05-02 19:53:15	1	1	1	0
        7	2024-05-02 19:54:28	1	1	1	0
        4	2024-05-02 19:55:01	1	1	1	0
        4	2024-05-02 19:56:22	1	0	0	0
       13	2024-05-03 07:25:16	1	0	1	0
        4	2024-05-03 08:02:33	1	0	1	0
       16	2024-05-03 08:09:28	1	0	1	0
        3	2024-05-03 08:23:42	1	0	1	0
        2	2024-05-03 08:36:43	1	0	1	0
        6	2024-05-03 08:44:58	1	0	1	0
        7	2024-05-03 08:57:36	1	0	1	0
       11	2024-05-03 09:04:45	1	0	1	0
        9	2024-05-03 09:12:47	1	0	16	0
       15	2024-05-03 09:16:37	1	0	1	0
       12	2024-05-03 09:19:34	1	0	1	0
        1	2024-05-03 09:33:14	1	0	1	0
        8	2024-05-03 09:33:35	1	0	1	0
       19	2024-05-03 10:04:21	1	0	1	0
       13	2024-05-03 17:07:17	1	0	1	0
        1	2024-05-03 18:25:52	1	1	1	0
       11	2024-05-03 18:30:49	1	1	1	0
       11	2024-05-03 18:30:50	1	1	1	0
        7	2024-05-03 18:30:52	1	1	1	0
       15	2024-05-03 18:31:11	1	1	1	0
       15	2024-05-03 18:31:13	1	1	16	0
        6	2024-05-03 18:42:39	1	1	1	0
        3	2024-05-03 18:56:02	1	1	0	0
        9	2024-05-03 19:26:46	1	1	16	0
        9	2024-05-03 19:26:49	1	1	16	0
        2	2024-05-03 19:35:35	1	1	1	0
       16	2024-05-03 19:35:42	1	1	1	0
       13	2024-05-06 07:41:03	1	1	1	0
       16	2024-05-06 08:13:41	1	0	1	0
        2	2024-05-06 08:28:30	1	0	1	0
        3	2024-05-06 08:44:46	1	0	1	0
        6	2024-05-06 08:46:43	1	0	1	0
        4	2024-05-06 08:58:29	1	0	1	0
        1	2024-05-06 09:05:52	1	0	1	0
        5	2024-05-06 09:06:00	1	0	1	0
       19	2024-05-06 09:49:35	1	0	1	0
       10	2024-05-06 11:52:29	1	0	1	0
       10	2024-05-06 13:36:50	1	0	16	0
       13	2024-05-06 17:11:26	1	0	1	0
       13	2024-05-06 17:11:27	1	0	16	0
        3	2024-05-06 18:03:06	1	0	16	0
        3	2024-05-06 18:03:13	1	0	16	0
        3	2024-05-06 18:03:33	1	0	16	0
        3	2024-05-06 18:03:35	1	0	16	0
        3	2024-05-06 18:03:38	1	0	16	0
        3	2024-05-06 18:03:56	1	0	16	0
       16	2024-05-06 18:39:07	1	1	1	0
       19	2024-05-06 18:39:12	1	1	1	0
        6	2024-05-06 18:39:19	1	1	1	0
        1	2024-05-06 18:39:23	1	1	1	0
        2	2024-05-06 18:48:32	1	1	1	0
        5	2024-05-06 18:48:35	1	1	1	0
        4	2024-05-06 18:50:37	1	1	1	0
        9	2024-05-06 19:04:31	1	1	16	0
        9	2024-05-06 19:04:33	1	1	16	0
        9	2024-05-06 19:04:35	1	1	16	0
        9	2024-05-06 19:04:43	1	1	1	0
        9	2024-05-06 19:04:45	1	1	16	0
       10	2024-05-06 19:04:48	1	1	1	0
       13	2024-05-07 07:20:18	1	1	1	0
       16	2024-05-07 08:08:23	1	0	1	0
        3	2024-05-07 08:14:17	1	0	1	0
        3	2024-05-07 08:14:23	1	0	1	0
        2	2024-05-07 08:19:02	1	0	1	0
        6	2024-05-07 09:05:33	1	0	1	0
       12	2024-05-07 09:09:53	1	0	1	0
        4	2024-05-07 09:09:59	1	0	1	0
        4	2024-05-07 09:10:01	1	0	16	0
        5	2024-05-07 09:19:22	1	0	1	0
        1	2024-05-07 09:39:37	1	0	1	0
       19	2024-05-07 09:40:47	1	0	1	0
        2	2024-05-07 10:02:22	1	0	16	0
       20	2024-05-07 15:12:03	1	0	16	0
       20	2024-05-07 15:12:05	1	0	16	0
       13	2024-05-07 17:03:51	1	0	1	0
       12	2024-05-07 18:06:50	1	1	1	0
        2	2024-05-07 18:09:51	1	1	1	0
        6	2024-05-07 18:10:04	1	1	1	0
       16	2024-05-07 18:10:10	1	1	1	0
        5	2024-05-07 18:10:13	1	1	1	0
        1	2024-05-07 18:10:25	1	1	1	0
        3	2024-05-07 18:10:29	1	1	1	0
       20	2024-05-07 18:14:27	1	1	16	0
       20	2024-05-07 18:14:29	1	1	16	0
        9	2024-05-07 18:14:42	1	1	16	0
        8	2024-05-07 18:14:51	1	1	16	0
       10	2024-05-07 18:15:01	1	1	1	0
       13	2024-05-08 07:57:19	1	1	1	0
       16	2024-05-08 08:22:14	1	0	1	0
        2	2024-05-08 08:42:52	1	0	1	0
        3	2024-05-08 08:57:13	1	0	1	0
        6	2024-05-08 09:02:52	1	0	1	0
        5	2024-05-08 09:14:13	1	0	1	0
        9	2024-05-08 09:27:05	1	0	16	0
        9	2024-05-08 09:27:07	1	0	16	0
        1	2024-05-08 09:47:20	1	0	1	0
        1	2024-05-08 09:47:23	1	0	1	0
       20	2024-05-08 10:33:35	1	0	16	0
       20	2024-05-08 10:33:37	1	0	16	0
       10	2024-05-08 14:19:44	1	0	1	0
       13	2024-05-08 17:17:28	1	0	1	0
       16	2024-05-08 18:39:36	1	1	1	0
        6	2024-05-08 18:39:43	1	1	1	0
        1	2024-05-08 18:43:18	1	1	1	0
        3	2024-05-08 18:46:18	1	1	1	0
        2	2024-05-08 19:54:11	1	1	1	0
       12	2024-05-08 19:54:23	1	1	1	0
        1	2024-05-09 09:20:20	1	1	1	0
        1	2024-05-09 09:20:28	1	0	1	0
       13	2024-05-13 07:44:04	1	0	1	0
       16	2024-05-13 08:37:20	1	0	1	0
        2	2024-05-13 08:42:51	1	0	1	0
        6	2024-05-13 08:55:42	1	0	1	0
        6	2024-05-13 08:55:45	1	0	1	0
       12	2024-05-13 09:05:57	1	0	1	0
       14	2024-05-13 09:08:46	1	0	1	0
       18	2024-05-13 09:08:58	1	0	1	0
        1	2024-05-13 09:27:23	1	0	1	0
       19	2024-05-13 09:46:21	1	0	1	0
        5	2024-05-13 10:16:07	1	0	1	0
        3	2024-05-13 13:52:02	1	0	1	0
       13	2024-05-13 17:29:22	1	0	1	0
       14	2024-05-13 18:07:33	1	1	1	0
       18	2024-05-13 18:07:41	1	1	1	0
       16	2024-05-13 18:07:47	1	1	1	0
       12	2024-05-13 18:19:10	1	1	1	0
        1	2024-05-13 18:26:21	1	1	1	0
        6	2024-05-13 18:26:26	1	1	1	0
        9	2024-05-13 18:52:30	1	1	16	0
        9	2024-05-13 18:52:32	1	1	16	0
        2	2024-05-13 19:02:16	1	1	1	0
        3	2024-05-13 19:02:19	1	1	1	0
        4	2024-05-14 07:06:37	1	1	1	0
        4	2024-05-14 07:06:47	1	0	1	0
       13	2024-05-14 07:46:35	1	0	16	0
       13	2024-05-14 07:46:37	1	0	1	0
       13	2024-05-14 07:46:38	1	0	16	0
       16	2024-05-14 08:24:06	1	0	1	0
       14	2024-05-14 08:41:21	1	0	1	0
        6	2024-05-14 09:05:42	1	0	1	0
       12	2024-05-14 09:05:49	1	0	1	0
        3	2024-05-14 09:09:22	1	0	1	0
        3	2024-05-14 09:09:24	1	0	1	0
        5	2024-05-14 09:16:37	1	0	1	0
        1	2024-05-14 09:17:17	1	0	1	0
        9	2024-05-14 09:20:53	1	0	16	0
        9	2024-05-14 09:20:55	1	0	16	0
       18	2024-05-14 09:26:57	1	0	1	0
       19	2024-05-14 09:41:31	1	0	1	0
       10	2024-05-14 09:58:59	1	0	1	0
       13	2024-05-14 17:05:31	1	0	1	0
        6	2024-05-14 18:11:11	1	1	1	0
        6	2024-05-14 18:11:19	1	1	1	0
       12	2024-05-14 18:13:28	1	1	1	0
        2	2024-05-14 18:14:42	1	1	1	0
       16	2024-05-14 18:14:57	1	1	1	0
        3	2024-05-14 18:15:40	1	1	1	0
        1	2024-05-14 18:21:27	1	1	1	0
        4	2024-05-14 18:48:13	1	1	1	0
        9	2024-05-14 19:00:48	1	1	16	0
        9	2024-05-14 19:00:50	1	1	16	0
       10	2024-05-14 19:00:52	1	1	1	0
       16	2024-05-15 08:24:29	1	0	1	0
        2	2024-05-15 08:27:44	1	0	1	0
        2	2024-05-15 08:27:50	1	0	1	0
        4	2024-05-15 08:32:01	1	0	1	0
       14	2024-05-15 08:32:40	1	0	1	0
        3	2024-05-15 08:40:21	1	0	1	0
        6	2024-05-15 09:13:00	1	0	1	0
       12	2024-05-15 09:29:34	1	0	1	0
        1	2024-05-15 09:33:03	1	0	1	0
        5	2024-05-15 09:46:04	1	0	1	0
        9	2024-05-15 09:56:07	1	0	16	0
        9	2024-05-15 09:56:09	1	0	16	0
        9	2024-05-15 14:32:39	1	1	1	0
        6	2024-05-15 18:02:08	1	1	1	0
       16	2024-05-15 18:03:46	1	1	1	0
       14	2024-05-15 18:08:34	1	1	1	0
        2	2024-05-15 18:09:07	1	1	1	0
        3	2024-05-15 18:09:33	1	1	16	0
        3	2024-05-15 18:09:35	1	1	16	0
       12	2024-05-15 18:10:24	1	1	1	0
        4	2024-05-15 18:18:05	1	1	1	0
        1	2024-05-15 18:25:28	1	1	1	0
       13	2024-05-16 07:45:56	1	1	1	0
       16	2024-05-16 08:17:02	1	0	1	0
       14	2024-05-16 08:23:12	1	0	1	0
        6	2024-05-16 08:40:13	1	0	1	0
       18	2024-05-16 09:13:43	1	0	1	0
        4	2024-05-16 09:16:53	1	0	1	0
       12	2024-05-16 09:41:13	1	0	1	0
       13	2024-05-16 16:58:52	1	0	1	0
       16	2024-05-16 17:54:50	1	1	1	0
        6	2024-05-16 17:55:14	1	1	1	0
       14	2024-05-16 17:55:22	1	1	1	0
       12	2024-05-16 17:59:52	1	1	1	0
        4	2024-05-16 18:00:02	1	1	1	0
       13	2024-05-17 07:24:45	1	1	1	0
       16	2024-05-17 07:56:24	1	0	1	0
       14	2024-05-17 08:38:50	1	0	1	0
        6	2024-05-17 09:05:20	1	0	1	0
       12	2024-05-17 09:30:05	1	0	1	0
       18	2024-05-17 09:32:43	1	0	1	0
        4	2024-05-17 09:46:37	1	0	1	0
       19	2024-05-17 09:55:40	1	0	1	0
       13	2024-05-17 16:53:59	1	0	1	0
       12	2024-05-17 17:13:50	1	1	1	0
       16	2024-05-17 17:52:04	1	1	1	0
       14	2024-05-17 17:52:11	1	1	1	0
        6	2024-05-17 17:52:15	1	1	1	0
        4	2024-05-17 17:52:23	1	1	1	0
       13	2024-05-20 07:50:21	1	1	1	0
       16	2024-05-20 08:40:32	1	0	1	0
       14	2024-05-20 08:41:40	1	0	1	0
        4	2024-05-20 08:51:32	1	0	1	0
       18	2024-05-20 08:56:58	1	0	1	0
        3	2024-05-20 08:59:49	1	0	16	0
        5	2024-05-20 09:21:04	1	0	1	0
        6	2024-05-20 09:22:13	1	0	1	0
        9	2024-05-20 09:32:05	1	0	16	0
        9	2024-05-20 09:32:07	1	0	16	0
       12	2024-05-20 09:32:12	1	0	1	0
       10	2024-05-20 10:18:56	1	0	1	0
       19	2024-05-20 10:25:59	1	0	1	0
        1	2024-05-20 10:41:12	1	0	1	0
       13	2024-05-20 17:06:51	1	0	1	0
       16	2024-05-20 17:47:38	1	1	1	0
        6	2024-05-20 17:47:53	1	1	1	0
        3	2024-05-20 17:47:57	1	1	1	0
       14	2024-05-20 17:48:00	1	1	1	0
       12	2024-05-20 18:01:29	1	1	16	0
       12	2024-05-20 18:01:31	1	1	16	0
        4	2024-05-20 18:08:23	1	1	16	0
        4	2024-05-20 18:08:26	1	1	16	0
        1	2024-05-20 18:27:28	1	1	1	0
       19	2024-05-20 18:52:22	1	1	1	0
        9	2024-05-20 19:11:43	1	1	16	0
        9	2024-05-20 19:11:45	1	1	16	0
       10	2024-05-20 19:11:48	1	1	1	0
       13	2024-05-21 07:49:46	1	1	1	0
       16	2024-05-21 08:15:53	1	0	1	0
       14	2024-05-21 08:23:09	1	0	1	0
        6	2024-05-21 08:42:44	1	0	1	0
        3	2024-05-21 08:52:41	1	0	1	0
       12	2024-05-21 09:00:29	1	0	16	0
       12	2024-05-21 09:00:32	1	0	16	0
       18	2024-05-21 09:00:41	1	0	1	0
        4	2024-05-21 09:08:01	1	0	1	0
        5	2024-05-21 09:13:00	1	0	1	0
        1	2024-05-21 09:24:51	1	0	1	0
        9	2024-05-21 09:28:36	1	0	1	0
       19	2024-05-21 09:39:27	1	0	1	0
       10	2024-05-21 10:12:29	1	0	1	0
       13	2024-05-21 17:10:13	1	1	1	0
       14	2024-05-21 17:40:02	1	1	1	0
        5	2024-05-21 17:55:39	1	1	1	0
       16	2024-05-21 18:07:21	1	1	1	0
        6	2024-05-21 18:07:25	1	1	1	0
        3	2024-05-21 18:07:52	1	1	0	0
       19	2024-05-21 18:07:59	1	1	1	0
        4	2024-05-21 18:08:22	1	1	16	0
        4	2024-05-21 18:08:24	1	1	16	0
       12	2024-05-21 18:08:31	1	1	16	0
        9	2024-05-21 19:38:56	1	1	1	0
       10	2024-05-21 19:39:26	1	1	1	0
       13	2024-05-22 07:48:07	1	1	1	0
       14	2024-05-22 08:21:15	1	1	1	0
       16	2024-05-22 08:34:24	1	0	1	0
        4	2024-05-22 08:49:13	1	0	1	0
        6	2024-05-22 08:53:13	1	0	1	0
        2	2024-05-22 09:16:36	1	0	1	0
        9	2024-05-22 09:16:42	1	0	16	0
        9	2024-05-22 09:16:44	1	0	16	0
        5	2024-05-22 09:22:03	1	0	1	0
       12	2024-05-22 09:22:12	1	0	16	0
        1	2024-05-22 09:27:24	1	0	1	0
       18	2024-05-22 09:34:48	1	0	1	0
       13	2024-05-22 15:59:52	1	0	1	0
       12	2024-05-22 18:01:19	1	1	16	0
       12	2024-05-22 18:01:21	1	1	16	0
        4	2024-05-22 18:05:22	1	1	1	0
       14	2024-05-22 18:23:07	1	1	1	0
        2	2024-05-22 18:23:31	1	1	1	0
        6	2024-05-22 18:23:38	1	1	1	0
       16	2024-05-22 18:23:46	1	1	1	0
        1	2024-05-22 18:24:25	1	1	1	0
        9	2024-05-22 19:21:38	1	1	16	0
        9	2024-05-22 19:21:41	1	1	16	0
       10	2024-05-22 19:21:49	1	1	1	0
       13	2024-05-27 07:41:25	1	1	16	0
       13	2024-05-27 07:41:47	1	1	1	0
       16	2024-05-27 08:09:07	1	0	1	0
        4	2024-05-27 08:18:13	1	0	1	0
       14	2024-05-27 08:31:38	1	0	1	0
        6	2024-05-27 08:34:13	1	0	1	0
       18	2024-05-27 08:34:59	1	0	1	0
        3	2024-05-27 08:38:19	1	0	1	0
        2	2024-05-27 08:56:09	1	0	1	0
        7	2024-05-27 09:11:48	1	0	1	0
        5	2024-05-27 09:11:54	1	0	1	0
       12	2024-05-27 09:14:20	1	0	1	0
       12	2024-05-27 09:14:22	1	0	16	0
       12	2024-05-27 09:14:23	1	0	1	0
        9	2024-05-27 09:17:39	1	0	16	0
        9	2024-05-27 09:17:41	1	0	16	0
        8	2024-05-27 09:22:52	1	0	1	0
       15	2024-05-27 09:24:48	1	0	1	0
       11	2024-05-27 09:46:21	1	0	1	0
       19	2024-05-27 09:46:32	1	0	1	0
        1	2024-05-27 10:02:46	1	0	1	0
       13	2024-05-27 17:14:24	1	0	1	0
        8	2024-05-27 17:59:04	1	1	1	0
        9	2024-05-27 18:01:41	1	1	16	0
        5	2024-05-27 18:14:41	1	1	1	0
       14	2024-05-27 18:17:28	1	1	1	0
        1	2024-05-27 18:17:41	1	1	1	0
        6	2024-05-27 18:17:45	1	1	1	0
        2	2024-05-27 18:17:49	1	1	1	0
        3	2024-05-27 18:18:14	1	1	1	0
       18	2024-05-27 18:18:19	1	1	1	0
       16	2024-05-27 18:18:23	1	1	1	0
        4	2024-05-27 18:33:51	1	1	1	0
        7	2024-05-27 18:38:24	1	1	1	0
       15	2024-05-27 18:38:33	1	1	1	0
       11	2024-05-27 18:58:45	1	1	1	0
       13	2024-05-28 07:31:51	1	1	1	0
       18	2024-05-28 08:05:03	1	1	1	0
       16	2024-05-28 08:32:36	1	0	1	0
        4	2024-05-28 08:36:41	1	0	1	0
        6	2024-05-28 08:38:07	1	0	1	0
        2	2024-05-28 08:44:56	1	0	1	0
        7	2024-05-28 09:05:43	1	0	1	0
        3	2024-05-28 09:09:07	1	0	1	0
        5	2024-05-28 09:11:37	1	0	1	0
       12	2024-05-28 09:11:44	1	0	16	0
       12	2024-05-28 09:11:46	1	0	16	0
        8	2024-05-28 09:14:39	1	0	16	0
        8	2024-05-28 09:14:40	1	0	1	0
        9	2024-05-28 09:16:56	1	0	16	0
        9	2024-05-28 09:16:58	1	0	16	0
       15	2024-05-28 09:19:28	1	0	1	0
        1	2024-05-28 09:31:45	1	0	1	0
       19	2024-05-28 10:08:06	1	0	1	0
       14	2024-05-28 10:31:23	1	0	1	0
       11	2024-05-28 11:23:08	1	0	1	0
       13	2024-05-28 17:13:57	1	1	1	0
        5	2024-05-28 17:52:01	1	1	1	0
        8	2024-05-28 17:53:46	1	1	1	0
        9	2024-05-28 18:02:20	1	1	16	0
        9	2024-05-28 18:02:22	1	1	16	0
       12	2024-05-28 18:08:09	1	1	16	0
       12	2024-05-28 18:08:11	1	1	16	0
        7	2024-05-28 18:17:38	1	1	1	0
       11	2024-05-28 18:17:42	1	1	1	0
       15	2024-05-28 18:17:46	1	1	1	0
        6	2024-05-28 18:21:13	1	1	1	0
        6	2024-05-28 18:21:19	1	1	1	0
       14	2024-05-28 18:21:24	1	1	1	0
        3	2024-05-28 18:21:28	1	1	1	0
       16	2024-05-28 18:21:32	1	1	1	0
        1	2024-05-28 18:32:36	1	1	1	0
       19	2024-05-28 18:32:39	1	1	1	0
        4	2024-05-28 20:37:21	1	1	1	0
       14	2024-05-29 07:19:26	1	1	1	0
       13	2024-05-29 07:37:22	1	1	1	0
       16	2024-05-29 08:11:48	1	0	1	0
        6	2024-05-29 08:33:45	1	0	1	0
        4	2024-05-29 08:51:11	1	0	16	0
        4	2024-05-29 08:51:13	1	0	1	0
        3	2024-05-29 08:52:11	1	0	1	0
        2	2024-05-29 08:58:40	1	0	1	0
        1	2024-05-29 09:14:03	1	0	1	0
       15	2024-05-29 09:17:27	1	0	1	0
        5	2024-05-29 09:17:32	1	0	1	0
       12	2024-05-29 09:25:27	1	0	1	0
       12	2024-05-29 09:25:29	1	0	1	0
       12	2024-05-29 09:25:31	1	0	1	0
       12	2024-05-29 09:25:33	1	0	1	0
        7	2024-05-29 09:29:35	1	0	1	0
        9	2024-05-29 09:29:43	1	0	16	0
        8	2024-05-29 09:31:14	1	0	1	0
       11	2024-05-29 09:47:23	1	0	1	0
       13	2024-05-29 17:09:32	1	0	1	0
       16	2024-05-29 18:05:42	1	1	1	0
        3	2024-05-29 18:05:47	1	1	1	0
        2	2024-05-29 18:05:51	1	1	1	0
       14	2024-05-29 18:05:54	1	1	1	0
        6	2024-05-29 18:12:15	1	1	16	0
        6	2024-05-29 18:12:17	1	1	16	0
        6	2024-05-29 18:12:24	1	1	1	0
       11	2024-05-29 18:13:17	1	1	1	0
        7	2024-05-29 18:13:27	1	1	1	0
       12	2024-05-29 18:13:32	1	1	1	0
       15	2024-05-29 18:14:13	1	1	1	0
        4	2024-05-29 18:14:19	1	1	1	0
        1	2024-05-29 19:01:04	1	1	1	0
        9	2024-05-29 19:06:36	1	1	16	0
        9	2024-05-29 19:06:38	1	1	16	0
       10	2024-05-29 19:06:40	1	1	1	0
       14	2024-05-30 07:34:31	1	1	1	0
       13	2024-05-30 07:37:15	1	1	1	0
        4	2024-05-30 08:05:27	1	0	1	0
        6	2024-05-30 08:21:26	1	0	1	0
       16	2024-05-30 08:28:50	1	0	1	0
        8	2024-05-30 09:02:14	1	0	1	0
        3	2024-05-30 09:12:33	1	0	1	0
        2	2024-05-30 09:14:48	1	0	1	0
        5	2024-05-30 09:14:56	1	0	1	0
        1	2024-05-30 09:17:30	1	0	1	0
       15	2024-05-30 09:17:43	1	0	1	0
        9	2024-05-30 09:21:04	1	0	16	0
        9	2024-05-30 09:21:06	1	0	16	0
        7	2024-05-30 09:31:08	1	0	1	0
       11	2024-05-30 09:35:45	1	0	1	0
       16	2024-05-30 13:13:12	1	1	1	0
       10	2024-05-30 14:36:19	1	1	1	0
       13	2024-05-30 17:07:56	1	1	1	0
        7	2024-05-30 18:08:55	1	1	1	0
       11	2024-05-30 18:09:01	1	1	1	0
       15	2024-05-30 18:09:11	1	1	1	0
       14	2024-05-30 18:09:52	1	1	1	0
        4	2024-05-30 18:15:06	1	1	16	0
        4	2024-05-30 18:15:10	1	1	16	0
        2	2024-05-30 18:20:33	1	1	1	0
        6	2024-05-30 18:20:37	1	1	1	0
        3	2024-05-30 18:20:44	1	1	1	0
        1	2024-05-30 18:21:38	1	1	1	0
        9	2024-05-30 18:21:45	1	1	1	0
        8	2024-05-30 18:56:38	1	1	1	0
       10	2024-05-30 18:56:41	1	1	1	0
       13	2024-05-31 06:51:50	1	1	1	0
       16	2024-05-31 08:07:02	1	0	1	0
       18	2024-05-31 08:17:27	1	0	1	0
        6	2024-05-31 08:35:27	1	0	1	0
        3	2024-05-31 08:52:52	1	0	1	0
        2	2024-05-31 09:05:40	1	0	1	0
        4	2024-05-31 09:17:51	1	0	1	0
       15	2024-05-31 09:17:55	1	0	1	0
       15	2024-05-31 09:17:59	1	0	1	0
        7	2024-05-31 09:20:58	1	0	16	0
        9	2024-05-31 09:30:59	1	0	1	0
        8	2024-05-31 09:36:21	1	0	1	0
       11	2024-05-31 09:36:33	1	0	1	0
        1	2024-05-31 11:57:33	1	0	1	0
       13	2024-05-31 16:57:53	1	0	1	0
        2	2024-05-31 18:09:27	1	0	1	0
        3	2024-05-31 18:12:37	1	0	1	0
        3	2024-05-31 18:12:47	1	1	1	0
       16	2024-05-31 18:12:52	1	1	1	0
        6	2024-05-31 18:12:55	1	1	1	0
        7	2024-05-31 18:22:36	1	1	16	0
        9	2024-05-31 18:22:55	1	1	1	0
        1	2024-05-31 18:22:58	1	1	1	0
        4	2024-05-31 18:51:11	1	1	16	0
        9	2024-06-03 07:36:10	1	1	1	0
        9	2024-06-03 07:36:58	1	0	1	0
       13	2024-06-03 07:48:07	1	0	1	0
       14	2024-06-03 07:51:56	1	0	1	0
       16	2024-06-03 07:52:03	1	0	1	0
        6	2024-06-03 08:29:53	1	0	1	0
        2	2024-06-03 08:56:46	1	0	1	0
        3	2024-06-03 09:11:31	1	0	1	0
       15	2024-06-03 09:11:36	1	0	1	0
       18	2024-06-03 09:22:58	1	0	1	0
        7	2024-06-03 09:29:34	1	0	1	0
       12	2024-06-03 09:29:41	1	0	16	0
       12	2024-06-03 09:29:52	1	0	1	0
        1	2024-06-03 09:30:47	1	0	1	0
       11	2024-06-03 09:37:53	1	0	1	0
       23	2024-06-03 10:00:24	1	0	1	0
       21	2024-06-03 10:00:41	1	0	1	0
       21	2024-06-03 10:00:43	1	0	16	0
       22	2024-06-03 10:00:47	1	0	1	0
       19	2024-06-03 10:03:02	1	0	1	0
       17	2024-06-03 10:05:37	1	0	1	0
        4	2024-06-03 10:21:00	1	0	1	0
       13	2024-06-03 17:02:29	1	0	1	0
       18	2024-06-03 18:00:38	1	0	1	0
       18	2024-06-03 18:00:47	1	0	1	0
        6	2024-06-03 18:04:55	1	0	1	0
        6	2024-06-03 18:04:59	1	0	16	0
        6	2024-06-03 18:05:12	1	1	16	0
        6	2024-06-03 18:05:14	1	1	16	0
        2	2024-06-03 18:05:19	1	1	1	0
       14	2024-06-03 18:05:24	1	1	1	0
       23	2024-06-03 18:07:11	1	1	16	0
       23	2024-06-03 18:07:13	1	1	16	0
       22	2024-06-03 18:07:20	1	1	16	0
       19	2024-06-03 18:10:04	1	1	1	0
       12	2024-06-03 18:15:47	1	1	16	0
        1	2024-06-03 18:18:41	1	1	1	0
        5	2024-06-03 18:30:24	1	1	1	0
       16	2024-06-03 18:30:54	1	1	1	0
       11	2024-06-03 19:23:16	1	1	1	0
       12	2024-06-03 19:23:25	1	1	1	0
        9	2024-06-03 19:23:43	1	1	1	0
       17	2024-06-03 19:34:06	1	1	1	0
        7	2024-06-03 21:17:05	1	1	16	0
        7	2024-06-03 21:17:07	1	1	16	0
       15	2024-06-03 21:17:21	1	1	16	0
       15	2024-06-03 21:17:22	1	1	1	0
        4	2024-06-03 21:17:45	1	1	1	0
       13	2024-06-04 07:31:21	1	1	1	0
       16	2024-06-04 07:35:01	1	0	1	0
        4	2024-06-04 07:41:22	1	0	1	0
       14	2024-06-04 07:59:33	1	0	1	0
       17	2024-06-04 08:22:27	1	0	1	0
       23	2024-06-04 09:16:34	1	0	16	0
       23	2024-06-04 09:16:36	1	0	16	0
        8	2024-06-04 09:16:38	1	0	1	0
        6	2024-06-04 09:16:42	1	0	1	0
        9	2024-06-04 09:20:50	1	0	16	0
       12	2024-06-04 09:21:36	1	0	16	0
       12	2024-06-04 09:21:38	1	0	16	0
       12	2024-06-04 09:21:40	1	0	16	0
       12	2024-06-04 09:21:42	1	0	16	0
       22	2024-06-04 09:35:07	1	0	1	0
       19	2024-06-04 09:46:01	1	0	1	0
        7	2024-06-04 09:56:10	1	0	1	0
        1	2024-06-04 09:59:27	1	0	1	0
        3	2024-06-04 11:32:14	1	0	1	0
       21	2024-06-04 13:15:39	1	0	16	0
       21	2024-06-04 13:15:44	1	0	16	0
       21	2024-06-04 13:15:46	1	0	16	0
        9	2024-06-04 16:45:47	1	1	1	0
        9	2024-06-04 16:45:49	1	1	16	0
       13	2024-06-04 17:02:21	1	1	1	0
       17	2024-06-04 18:08:52	1	1	16	0
       17	2024-06-04 18:08:54	1	1	16	0
       17	2024-06-04 18:08:56	1	1	16	0
       17	2024-06-04 18:09:04	1	1	1	0
       14	2024-06-04 18:10:09	1	1	1	0
        2	2024-06-04 18:10:26	1	1	1	0
        6	2024-06-04 18:10:31	1	1	1	0
        6	2024-06-04 18:10:39	1	1	1	0
       14	2024-06-04 18:10:43	1	1	1	0
        2	2024-06-04 18:10:47	1	1	1	0
       18	2024-06-04 18:13:52	1	1	16	0
       18	2024-06-04 18:13:54	1	1	1	0
       21	2024-06-04 18:14:06	1	1	16	0
       16	2024-06-04 18:19:22	1	1	1	0
        3	2024-06-04 18:21:22	1	1	1	0
       22	2024-06-04 18:21:26	1	1	1	0
       23	2024-06-04 18:22:21	1	1	16	0
       23	2024-06-04 18:22:23	1	1	16	0
        4	2024-06-04 18:27:39	1	1	16	0
        1	2024-06-04 18:37:36	1	1	1	0
        8	2024-06-04 19:21:09	1	1	1	0
       10	2024-06-04 19:21:39	1	1	1	0
       13	2024-06-05 07:30:55	1	1	1	0
       17	2024-06-05 07:59:58	1	1	1	0
       16	2024-06-05 08:08:20	1	0	1	0
       17	2024-06-05 08:08:43	1	0	1	0
       14	2024-06-05 08:14:49	1	0	1	0
        4	2024-06-05 08:21:13	1	0	1	0
        6	2024-06-05 08:35:31	1	0	1	0
        6	2024-06-05 08:35:33	1	0	16	0
        2	2024-06-05 08:58:26	1	0	1	0
        1	2024-06-05 09:33:28	1	0	1	0
       10	2024-06-05 09:35:30	1	0	1	0
        9	2024-06-05 09:57:49	1	0	16	0
       21	2024-06-05 10:29:49	1	0	16	0
       21	2024-06-05 10:29:51	1	0	16	0
        3	2024-06-05 12:23:51	1	0	1	0
        5	2024-06-05 13:26:06	1	0	1	0
       13	2024-06-05 17:18:45	1	0	1	0
       17	2024-06-05 17:46:05	1	1	1	0
        5	2024-06-05 17:51:10	1	1	1	0
       14	2024-06-05 17:51:53	1	1	1	0
       14	2024-06-05 17:56:01	1	1	1	0
       16	2024-06-05 17:59:09	1	1	1	0
       21	2024-06-05 17:59:22	1	1	1	0
        6	2024-06-05 17:59:36	1	1	1	0
        4	2024-06-05 17:59:44	1	1	16	0
        4	2024-06-05 17:59:46	1	1	16	0
        1	2024-06-05 18:00:06	1	1	1	0
        2	2024-06-05 18:00:09	1	1	1	0
        3	2024-06-05 18:00:40	1	1	1	0
        9	2024-06-05 18:11:42	1	1	1	0
       23	2024-06-05 18:44:28	1	1	16	0
       23	2024-06-05 18:44:30	1	1	16	0
       13	2024-06-06 07:33:21	1	1	1	0
       16	2024-06-06 07:40:33	1	1	1	0
       16	2024-06-06 07:40:39	1	0	1	0
       18	2024-06-06 08:06:56	1	0	1	0
       17	2024-06-06 08:11:41	1	0	1	0
       17	2024-06-06 08:11:44	1	0	1	0
        4	2024-06-06 08:19:54	1	0	1	0
       14	2024-06-06 08:31:17	1	0	1	0
        6	2024-06-06 09:13:44	1	0	1	0
        2	2024-06-06 09:14:21	1	0	1	0
        9	2024-06-06 09:33:23	1	0	16	0
        9	2024-06-06 09:33:25	1	0	16	0
        1	2024-06-06 09:44:04	1	0	1	0
        3	2024-06-06 09:50:21	1	0	1	0
       22	2024-06-06 10:18:06	1	0	16	0
        5	2024-06-06 15:35:37	1	0	1	0
        5	2024-06-06 17:35:12	1	0	1	0
       17	2024-06-06 17:36:46	1	0	1	0
        3	2024-06-06 17:38:11	1	0	1	0
       14	2024-06-06 17:38:43	1	0	1	0
       14	2024-06-06 17:38:54	1	1	1	0
        2	2024-06-06 17:38:55	1	1	16	0
       19	2024-06-06 17:39:01	1	1	1	0
       16	2024-06-06 17:39:05	1	1	1	0
        4	2024-06-06 17:39:19	1	1	16	0
        1	2024-06-06 17:42:05	1	1	1	0
       13	2024-06-06 17:42:10	1	1	1	0
        6	2024-06-06 17:42:15	1	1	1	0
       18	2024-06-06 17:43:24	1	1	1	0
        9	2024-06-06 17:43:32	1	1	1	0
       23	2024-06-06 17:45:56	1	1	16	0
       23	2024-06-06 17:45:58	1	1	16	0
       16	2024-06-07 08:05:58	1	0	1	0
       13	2024-06-07 08:31:13	1	0	1	0
       21	2024-06-07 08:47:01	1	0	16	0
       21	2024-06-07 08:47:03	1	0	1	0
        2	2024-06-07 08:47:09	1	0	1	0
        6	2024-06-07 09:03:18	1	0	1	0
       15	2024-06-07 09:07:38	1	0	1	0
       15	2024-06-07 09:07:40	1	0	16	0
        9	2024-06-07 09:13:41	1	0	16	0
        9	2024-06-07 09:13:43	1	0	16	0
       18	2024-06-07 09:18:18	1	0	1	0
       23	2024-06-07 09:21:32	1	0	16	0
       12	2024-06-07 09:32:20	1	0	16	0
       12	2024-06-07 09:32:22	1	0	16	0
       12	2024-06-07 09:32:24	1	0	16	0
        4	2024-06-07 09:32:32	1	0	16	0
        4	2024-06-07 09:32:35	1	0	16	0
       11	2024-06-07 09:35:26	1	0	1	0
       19	2024-06-07 10:01:22	1	0	1	0
        5	2024-06-07 10:03:35	1	0	1	0
        1	2024-06-07 10:13:12	1	0	1	0
       10	2024-06-07 11:54:40	1	0	1	0
        3	2024-06-07 12:17:31	1	0	1	0
       17	2024-06-07 13:07:16	1	0	1	0
       21	2024-06-07 14:10:33	1	1	1	0
       13	2024-06-07 17:16:02	1	1	1	0
        2	2024-06-07 18:08:12	1	1	1	0
       14	2024-06-07 18:08:18	1	1	1	0
        3	2024-06-07 18:08:38	1	1	1	0
       16	2024-06-07 18:08:53	1	1	1	0
       15	2024-06-07 18:12:07	1	1	1	0
       15	2024-06-07 18:12:09	1	1	16	0
       12	2024-06-07 18:12:20	1	1	16	0
       12	2024-06-07 18:12:22	1	1	1	0
        4	2024-06-07 18:12:27	1	1	16	0
        6	2024-06-07 18:34:10	1	1	1	0
        1	2024-06-07 18:34:22	1	1	1	0
       11	2024-06-07 18:40:23	1	1	1	0
       17	2024-06-07 18:57:08	1	1	1	0
       17	2024-06-07 18:57:23	1	1	1	0
        9	2024-06-07 21:08:41	1	1	16	0
        9	2024-06-07 21:08:42	1	1	1	0
       10	2024-06-07 21:08:45	1	1	1	0
       13	2024-06-10 07:38:24	1	1	1	0
       14	2024-06-10 08:31:50	1	0	1	0
        6	2024-06-10 08:39:58	1	0	1	0
       21	2024-06-10 09:01:37	1	0	16	0
       21	2024-06-10 09:01:39	1	0	1	0
       18	2024-06-10 09:03:42	1	0	1	0
       15	2024-06-10 09:03:48	1	0	16	0
       15	2024-06-10 09:03:50	1	0	16	0
        4	2024-06-10 09:17:53	1	0	1	0
       22	2024-06-10 09:22:30	1	0	16	0
       22	2024-06-10 09:22:32	1	0	16	0
        2	2024-06-10 09:22:34	1	0	1	0
       16	2024-06-10 09:28:33	1	0	1	0
        7	2024-06-10 09:33:40	1	0	16	0
       23	2024-06-10 09:33:47	1	0	16	0
       23	2024-06-10 09:33:49	1	0	16	0
       11	2024-06-10 09:35:17	1	0	1	0
       12	2024-06-10 09:40:44	1	0	16	0
       12	2024-06-10 09:40:45	1	0	1	0
       17	2024-06-10 09:42:25	1	0	1	0
        9	2024-06-10 09:47:33	1	0	1	0
        8	2024-06-10 09:48:07	1	0	1	0
        3	2024-06-10 10:08:46	1	0	1	0
       10	2024-06-10 13:56:15	1	0	1	0
       13	2024-06-10 17:08:20	1	0	1	0
       22	2024-06-10 18:06:54	1	0	16	0
       21	2024-06-10 18:07:03	1	0	16	0
       21	2024-06-10 18:07:10	1	0	16	0
       22	2024-06-10 18:07:51	1	1	1	0
       21	2024-06-10 18:08:26	1	1	1	0
       14	2024-06-10 18:18:09	1	1	1	0
        6	2024-06-10 18:18:21	1	1	1	0
        3	2024-06-10 18:18:24	1	1	1	0
       16	2024-06-10 18:18:44	1	1	1	0
        2	2024-06-10 18:18:52	1	1	1	0
        7	2024-06-10 18:33:09	1	1	16	0
       11	2024-06-10 18:33:14	1	1	16	0
       11	2024-06-10 18:33:16	1	1	16	0
       15	2024-06-10 18:33:22	1	1	16	0
       15	2024-06-10 18:33:24	1	1	16	0
        8	2024-06-10 18:42:48	1	1	1	0
        9	2024-06-10 18:42:54	1	1	1	0
       12	2024-06-10 18:45:10	1	1	1	0
        4	2024-06-10 18:46:22	1	1	1	0
       10	2024-06-10 18:57:00	1	1	1	0
       17	2024-06-10 19:54:02	1	1	1	0
       13	2024-06-11 07:30:04	1	1	1	0
        6	2024-06-11 08:19:29	1	1	1	0
       18	2024-06-11 08:41:18	1	0	1	0
       14	2024-06-11 08:41:22	1	0	1	0
       16	2024-06-11 08:41:27	1	0	1	0
        2	2024-06-11 09:11:19	1	0	1	0
       12	2024-06-11 09:13:38	1	0	1	0
       21	2024-06-11 09:13:44	1	0	16	0
       21	2024-06-11 09:13:46	1	0	1	0
       15	2024-06-11 09:16:47	1	0	16	0
       15	2024-06-11 09:16:49	1	0	16	0
       23	2024-06-11 09:33:05	1	0	16	0
       23	2024-06-11 09:33:07	1	0	16	0
        9	2024-06-11 09:35:46	1	0	1	0
        5	2024-06-11 09:36:19	1	0	1	0
       22	2024-06-11 09:42:23	1	0	16	0
        7	2024-06-11 10:01:40	1	0	16	0
        7	2024-06-11 10:01:42	1	0	16	0
       10	2024-06-11 10:03:07	1	0	1	0
       10	2024-06-11 12:47:51	1	0	16	0
       10	2024-06-11 12:47:53	1	0	16	0
        3	2024-06-11 13:28:56	1	0	1	0
       13	2024-06-11 16:59:25	1	0	1	0
       16	2024-06-11 17:54:18	1	1	1	0
        3	2024-06-11 17:54:49	1	1	1	0
       23	2024-06-11 17:57:38	1	1	16	0
       18	2024-06-11 18:00:18	1	1	1	0
       12	2024-06-11 18:16:33	1	1	16	0
       15	2024-06-11 18:16:39	1	1	1	0
        5	2024-06-11 18:30:37	1	1	1	0
        6	2024-06-11 18:30:42	1	1	1	0
       14	2024-06-11 18:30:47	1	1	1	0
        2	2024-06-11 18:30:53	1	1	1	0
        9	2024-06-11 18:45:12	1	1	1	0
        4	2024-06-11 18:48:50	1	1	1	0
        7	2024-06-11 19:06:05	1	1	16	0
        7	2024-06-11 19:06:07	1	1	16	0
       11	2024-06-11 19:17:08	1	1	1	0
       13	2024-06-12 07:34:08	1	1	1	0
       16	2024-06-12 08:22:40	1	0	1	0
        3	2024-06-12 08:35:25	1	0	1	0
        6	2024-06-12 08:38:54	1	0	1	0
       14	2024-06-12 08:38:57	1	0	1	0
       15	2024-06-12 09:05:38	1	0	1	0
        2	2024-06-12 09:09:32	1	0	1	0
        4	2024-06-12 09:15:42	1	0	16	0
        4	2024-06-12 09:15:44	1	0	16	0
        1	2024-06-12 09:16:55	1	0	1	0
       12	2024-06-12 09:26:14	1	0	1	0
       12	2024-06-12 09:26:18	1	0	1	0
        9	2024-06-12 09:27:54	1	0	1	0
       18	2024-06-12 09:30:03	1	0	1	0
       23	2024-06-12 09:42:29	1	0	16	0
        7	2024-06-12 09:42:46	1	0	16	0
        7	2024-06-12 09:42:48	1	0	16	0
       21	2024-06-12 09:46:19	1	0	1	0
       21	2024-06-12 09:46:22	1	0	16	0
       11	2024-06-12 10:00:20	1	0	1	0
       10	2024-06-12 13:03:43	1	0	1	0
        5	2024-06-12 13:40:12	1	0	1	0
       13	2024-06-12 17:05:20	1	0	1	0
       15	2024-06-12 18:07:15	1	0	1	0
       12	2024-06-12 18:07:29	1	1	1	0
       15	2024-06-12 18:07:32	1	1	1	0
       11	2024-06-12 18:12:20	1	1	16	0
       11	2024-06-12 18:12:22	1	1	16	0
        7	2024-06-12 18:14:29	1	1	16	0
        7	2024-06-12 18:14:31	1	1	16	0
       11	2024-06-12 18:20:47	1	1	1	0
       18	2024-06-12 18:26:17	1	1	1	0
       21	2024-06-12 18:26:24	1	1	16	0
       21	2024-06-12 18:26:26	1	1	16	0
        1	2024-06-12 19:00:15	1	1	1	0
        6	2024-06-12 19:09:23	1	1	1	0
        5	2024-06-12 19:09:27	1	1	1	0
        3	2024-06-12 19:09:30	1	1	1	0
       16	2024-06-12 19:09:38	1	1	1	0
        4	2024-06-12 19:12:24	1	1	16	0
        9	2024-06-12 20:10:23	1	1	1	0
       10	2024-06-12 20:10:26	1	1	1	0
       13	2024-06-13 07:39:36	1	1	1	0
       17	2024-06-13 07:50:39	1	1	1	0
       16	2024-06-13 08:18:07	1	0	1	0
       14	2024-06-13 08:40:44	1	0	1	0
        6	2024-06-13 08:40:50	1	0	1	0
       21	2024-06-13 09:14:00	1	0	16	0
       21	2024-06-13 09:14:02	1	0	16	0
        8	2024-06-13 09:16:47	1	0	1	0
        4	2024-06-13 09:29:32	1	0	16	0
        1	2024-06-13 09:32:48	1	0	16	0
        1	2024-06-13 09:32:50	1	0	16	0
       23	2024-06-13 09:36:57	1	0	16	0
        5	2024-06-13 09:37:04	1	0	1	0
        9	2024-06-13 09:38:23	1	0	1	0
       12	2024-06-13 09:41:31	1	0	16	0
       12	2024-06-13 09:41:33	1	0	16	0
       12	2024-06-13 09:41:35	1	0	16	0
        3	2024-06-13 09:47:02	1	0	1	0
       22	2024-06-13 10:07:13	1	0	16	0
        7	2024-06-13 10:39:01	1	0	16	0
       10	2024-06-13 11:17:10	1	0	1	0
       12	2024-06-13 18:16:12	1	1	1	0
       12	2024-06-13 18:16:16	1	1	1	0
        7	2024-06-13 18:24:27	1	1	1	0
        1	2024-06-13 18:28:19	1	1	1	0
        6	2024-06-13 18:40:26	1	1	1	0
       17	2024-06-13 19:04:18	1	1	1	0
        4	2024-06-13 19:04:43	1	1	16	0
        9	2024-06-13 19:10:25	1	1	1	0
        3	2024-06-13 19:35:30	1	1	1	0
        5	2024-06-13 20:46:59	1	1	1	0
       16	2024-06-13 20:47:01	1	1	1	0
       14	2024-06-13 20:47:20	1	1	1	0
       16	2024-06-14 07:19:08	1	0	1	0
       14	2024-06-14 07:27:36	1	0	1	0
       14	2024-06-14 07:27:37	1	0	1	0
       13	2024-06-14 07:42:11	1	0	1	0
        2	2024-06-14 07:43:09	1	0	1	0
       17	2024-06-14 08:04:55	1	0	1	0
        9	2024-06-14 08:09:55	1	0	1	0
        1	2024-06-14 08:21:58	1	0	16	0
        1	2024-06-14 08:22:00	1	0	16	0
        4	2024-06-14 08:23:42	1	0	1	0
        8	2024-06-14 09:28:00	1	0	1	0
       18	2024-06-14 09:37:07	1	0	1	0
       12	2024-06-14 09:37:21	1	0	1	0
        3	2024-06-14 09:46:22	1	0	1	0
        7	2024-06-14 10:04:03	1	0	16	0
        7	2024-06-14 10:04:05	1	0	16	0
       10	2024-06-14 10:58:40	1	0	1	0
       22	2024-06-14 11:02:14	1	0	16	0
       21	2024-06-14 11:07:56	1	0	16	0
        6	2024-06-14 12:25:20	1	0	1	0
        2	2024-06-14 12:54:14	1	1	1	0
       19	2024-06-14 14:59:58	1	1	1	0
       13	2024-06-14 17:08:01	1	1	1	0
       15	2024-06-14 18:30:21	1	1	1	0
       11	2024-06-14 19:18:18	1	1	16	0
       11	2024-06-14 19:18:20	1	1	16	0
        7	2024-06-14 19:18:27	1	1	1	0
        4	2024-06-14 19:18:53	1	1	1	0
        8	2024-06-14 19:22:21	1	1	1	0
       12	2024-06-14 19:26:10	1	1	1	0
        1	2024-06-14 19:30:33	1	1	1	0
        3	2024-06-14 19:47:39	1	1	1	0
       16	2024-06-14 19:48:32	1	1	1	0
       17	2024-06-19 07:19:01	1	1	16	0
       17	2024-06-19 07:19:02	1	1	1	0
       17	2024-06-19 07:19:08	1	0	1	0
       13	2024-06-19 07:32:45	1	0	1	0
       16	2024-06-19 07:45:07	1	0	1	0
       18	2024-06-19 08:31:24	1	0	1	0
        6	2024-06-19 08:37:12	1	0	1	0
       14	2024-06-19 08:38:48	1	0	1	0
        3	2024-06-19 08:49:01	1	0	1	0
       11	2024-06-19 08:50:27	1	0	1	0
        4	2024-06-19 08:50:31	1	0	1	0
        2	2024-06-19 09:01:08	1	0	1	0
        1	2024-06-19 09:08:08	1	0	1	0
       15	2024-06-19 09:15:11	1	0	16	0
       12	2024-06-19 09:23:14	1	0	1	0
       12	2024-06-19 09:23:16	1	0	1	0
       19	2024-06-19 09:30:40	1	0	1	0
        9	2024-06-19 09:39:52	1	0	1	0
        7	2024-06-19 09:43:50	1	0	1	0
       23	2024-06-19 09:55:41	1	0	16	0
       22	2024-06-19 10:20:22	1	0	1	0
       10	2024-06-19 10:22:49	1	0	16	0
       10	2024-06-19 10:22:51	1	0	16	0
       13	2024-06-19 17:03:35	1	0	1	0
        6	2024-06-19 18:24:07	1	1	1	0
       22	2024-06-19 18:24:13	1	1	1	0
       14	2024-06-19 18:24:17	1	1	1	0
       12	2024-06-19 18:33:07	1	1	1	0
       15	2024-06-19 18:51:15	1	1	16	0
       15	2024-06-19 18:51:17	1	1	16	0
        7	2024-06-19 18:51:22	1	1	1	0
       18	2024-06-19 18:54:38	1	1	1	0
       19	2024-06-19 19:14:17	1	1	1	0
        1	2024-06-19 19:17:20	1	1	1	0
        4	2024-06-19 19:21:25	1	1	16	0
        2	2024-06-19 19:37:59	1	1	1	0
        3	2024-06-19 19:39:25	1	1	1	0
       16	2024-06-19 19:42:28	1	1	1	0
        8	2024-06-19 20:01:54	1	1	1	0
        9	2024-06-19 20:01:57	1	1	1	0
       10	2024-06-19 20:02:02	1	1	1	0
       17	2024-06-20 07:42:08	1	0	1	0
       13	2024-06-20 07:50:07	1	0	1	0
       16	2024-06-20 08:12:13	1	0	1	0
        4	2024-06-20 08:15:22	1	0	1	0
       14	2024-06-20 08:30:21	1	0	1	0
        2	2024-06-20 09:00:34	1	0	1	0
        3	2024-06-20 09:07:54	1	0	1	0
        6	2024-06-20 09:12:05	1	0	1	0
       15	2024-06-20 09:14:44	1	0	1	0
       11	2024-06-20 09:22:06	1	0	1	0
        5	2024-06-20 09:28:22	1	0	1	0
       12	2024-06-20 09:37:27	1	0	1	0
       18	2024-06-20 09:49:25	1	0	1	0
        7	2024-06-20 09:54:15	1	0	1	0
       21	2024-06-20 09:54:28	1	0	16	0
       21	2024-06-20 09:54:30	1	0	1	0
        1	2024-06-20 10:03:54	1	0	1	0
       10	2024-06-20 10:38:38	1	0	16	0
       10	2024-06-20 10:38:40	1	0	16	0
       16	2024-06-20 13:38:35	1	1	1	0
        1	2024-06-20 17:40:16	1	1	16	0
        1	2024-06-20 17:40:18	1	1	16	0
        3	2024-06-20 17:40:45	1	1	1	0
        2	2024-06-20 17:40:47	1	1	1	0
        6	2024-06-20 17:40:49	1	1	1	0
        7	2024-06-20 18:59:37	1	1	1	0
       15	2024-06-20 18:59:51	1	1	1	0
        4	2024-06-20 19:00:31	1	1	1	0
       17	2024-06-21 07:34:51	1	0	1	0
       13	2024-06-21 07:51:33	1	0	1	0
        4	2024-06-21 08:01:36	1	0	1	0
       16	2024-06-21 08:24:01	1	1	1	0
       16	2024-06-21 08:24:08	1	0	1	0
       14	2024-06-21 08:26:47	1	0	1	0
        6	2024-06-21 08:52:09	1	0	1	0
        3	2024-06-21 08:53:20	1	0	1	0
        2	2024-06-21 09:08:58	1	0	1	0
       15	2024-06-21 09:12:05	1	0	16	0
       11	2024-06-21 09:21:04	1	0	1	0
       12	2024-06-21 09:24:38	1	0	1	0
       12	2024-06-21 09:24:41	1	0	1	0
        7	2024-06-21 09:28:25	1	0	1	0
        5	2024-06-21 09:35:04	1	0	1	0
       23	2024-06-21 09:46:43	1	0	16	0
       23	2024-06-21 09:46:45	1	0	1	0
        1	2024-06-21 09:48:14	1	0	1	0
        9	2024-06-21 09:55:40	1	0	1	0
       10	2024-06-21 14:35:47	1	0	1	0
       13	2024-06-21 17:26:55	1	0	1	0
        9	2024-06-21 18:18:25	1	0	1	0
        4	2024-06-21 18:27:42	1	1	1	0
       12	2024-06-21 18:38:45	1	1	1	0
       12	2024-06-21 18:38:48	1	1	1	0
       15	2024-06-21 18:39:33	1	1	1	0
        7	2024-06-21 18:51:47	1	1	1	0
       11	2024-06-21 18:51:54	1	1	16	0
       11	2024-06-21 18:51:56	1	1	16	0
        1	2024-06-21 19:20:10	1	1	1	0
        6	2024-06-21 19:20:17	1	1	1	0
       16	2024-06-21 19:20:25	1	1	1	0
        3	2024-06-21 19:20:28	1	1	1	0
       13	2024-06-24 07:39:57	1	1	1	0
       16	2024-06-24 08:25:35	1	0	1	0
       14	2024-06-24 08:27:42	1	0	1	0
        6	2024-06-24 08:53:51	1	0	1	0
        1	2024-06-24 09:00:48	1	0	1	0
       12	2024-06-24 09:10:55	1	0	1	0
       11	2024-06-24 09:11:01	1	0	1	0
        5	2024-06-24 09:17:57	1	0	1	0
        4	2024-06-24 09:19:39	1	0	1	0
        3	2024-06-24 09:37:32	1	0	1	0
        7	2024-06-24 09:56:00	1	0	1	0
       22	2024-06-24 10:12:59	1	0	16	0
       23	2024-06-24 10:20:55	1	0	1	0
       10	2024-06-24 10:40:19	1	0	1	0
       21	2024-06-24 10:56:20	1	0	16	0
       21	2024-06-24 10:56:23	1	0	16	0
        9	2024-06-24 15:02:11	1	0	1	0
       14	2024-06-24 17:56:06	1	0	1	0
        7	2024-06-24 18:32:10	1	0	1	0
       12	2024-06-24 18:32:18	1	0	1	0
       12	2024-06-24 18:35:56	1	1	1	0
        7	2024-06-24 18:38:45	1	1	1	0
       23	2024-06-24 18:38:57	1	1	1	0
       13	2024-06-24 18:39:46	1	1	1	0
       16	2024-06-24 18:43:02	1	1	1	0
        3	2024-06-24 18:43:08	1	1	1	0
        1	2024-06-24 18:45:31	1	1	1	0
        5	2024-06-24 18:45:36	1	1	1	0
        6	2024-06-24 18:45:43	1	1	1	0
        4	2024-06-24 19:03:14	1	1	1	0
        9	2024-06-24 19:21:31	1	1	1	0
       10	2024-06-24 19:35:34	1	1	1	0
       22	2024-06-24 19:35:39	1	1	1	0
       21	2024-06-24 19:42:32	1	1	16	0
       21	2024-06-24 19:42:34	1	1	16	0
       13	2024-06-25 07:35:32	1	1	1	0
       16	2024-06-25 08:11:32	1	0	1	0
        4	2024-06-25 08:17:05	1	0	1	0
       17	2024-06-25 08:24:35	1	0	1	0
       18	2024-06-25 08:40:10	1	0	1	0
       14	2024-06-25 08:44:24	1	0	1	0
        6	2024-06-25 09:04:14	1	0	1	0
       15	2024-06-25 09:06:14	1	0	1	0
        5	2024-06-25 09:09:44	1	0	1	0
        7	2024-06-25 09:20:30	1	0	1	0
       11	2024-06-25 09:27:12	1	0	1	0
        9	2024-06-25 09:40:57	1	0	1	0
       10	2024-06-25 09:41:00	1	0	1	0
       12	2024-06-25 09:41:02	1	0	16	0
       12	2024-06-25 09:41:04	1	0	1	0
       21	2024-06-25 09:47:49	1	0	1	0
       22	2024-06-25 09:47:53	1	0	1	0
       23	2024-06-25 09:47:58	1	0	1	0
       19	2024-06-25 10:20:29	1	0	1	0
       13	2024-06-25 17:20:47	1	0	1	0
       12	2024-06-25 18:16:36	1	1	1	0
       11	2024-06-25 18:30:35	1	1	1	0
       15	2024-06-25 18:30:42	1	1	1	0
        7	2024-06-25 18:30:51	1	1	1	0
        4	2024-06-25 18:30:55	1	1	1	0
        1	2024-06-25 18:31:22	1	1	1	0
       14	2024-06-25 18:33:26	1	1	1	0
        6	2024-06-25 18:34:27	1	1	1	0
        9	2024-06-25 19:24:16	1	1	1	0
       21	2024-06-25 19:25:35	1	1	16	0
       21	2024-06-25 19:25:37	1	1	16	0
        8	2024-06-25 19:25:43	1	1	1	0
        5	2024-06-25 19:25:51	1	1	1	0
       23	2024-06-25 19:25:58	1	1	1	0
       16	2024-06-25 19:26:06	1	1	1	0
       17	2024-06-25 19:26:30	1	1	1	0
       13	2024-06-26 07:40:57	1	1	1	0
       16	2024-06-26 07:44:27	1	0	1	0
       14	2024-06-26 08:26:53	1	0	1	0
        3	2024-06-26 09:14:58	1	0	1	0
       18	2024-06-26 09:15:13	1	0	1	0
        5	2024-06-26 09:15:17	1	0	1	0
        6	2024-06-26 09:15:20	1	0	1	0
        9	2024-06-26 09:22:45	1	0	1	0
        4	2024-06-26 09:25:56	1	0	1	0
        7	2024-06-26 09:50:03	1	0	1	0
        1	2024-06-26 09:58:13	1	0	1	0
       21	2024-06-26 10:04:58	1	0	16	0
       21	2024-06-26 10:05:00	1	0	16	0
       10	2024-06-26 10:08:35	1	0	1	0
       23	2024-06-26 10:58:05	1	0	1	0
        3	2024-06-26 15:31:00	1	0	1	0
       13	2024-06-26 17:43:20	1	0	1	0
        7	2024-06-26 18:50:47	1	0	1	0
        7	2024-06-26 18:50:58	1	1	1	0
       21	2024-06-26 18:51:06	1	1	16	0
       21	2024-06-26 18:51:08	1	1	16	0
       18	2024-06-26 19:51:22	1	1	1	0
        6	2024-06-26 19:51:26	1	1	1	0
        1	2024-06-26 19:53:39	1	1	1	0
        9	2024-06-26 20:14:56	1	1	1	0
        8	2024-06-26 20:35:20	1	1	1	0
       10	2024-06-26 20:35:34	1	1	1	0
        5	2024-06-26 22:54:11	1	1	1	0
       16	2024-06-26 22:54:15	1	1	1	0
       13	2024-06-27 07:49:43	1	0	1	0
        4	2024-06-27 08:14:55	1	0	1	0
       14	2024-06-27 08:20:05	1	0	1	0
       16	2024-06-27 08:26:46	1	0	1	0
        6	2024-06-27 09:00:56	1	0	1	0
       21	2024-06-27 09:10:21	1	0	16	0
       21	2024-06-27 09:10:23	1	0	16	0
        8	2024-06-27 09:18:08	1	0	1	0
        1	2024-06-27 09:19:45	1	0	1	0
       22	2024-06-27 09:22:06	1	0	1	0
       12	2024-06-27 09:24:34	1	0	1	0
       12	2024-06-27 09:24:37	1	0	1	0
       18	2024-06-27 09:43:41	1	0	1	0
        7	2024-06-27 09:44:12	1	0	1	0
        7	2024-06-27 09:44:13	1	0	1	0
        3	2024-06-27 09:46:11	1	0	1	0
       10	2024-06-27 10:12:22	1	0	1	0
        9	2024-06-27 10:12:27	1	0	1	0
       19	2024-06-27 15:31:45	1	0	1	0
       13	2024-06-27 17:12:27	1	0	1	0
        9	2024-06-27 17:37:29	1	0	1	0
       14	2024-06-27 18:13:18	1	0	1	0
       12	2024-06-27 18:19:13	1	1	1	0
        1	2024-06-27 18:22:17	1	1	1	0
       19	2024-06-27 18:31:10	1	1	1	0
        7	2024-06-27 18:55:57	1	1	1	0
        4	2024-06-27 19:03:30	1	1	16	0
        3	2024-06-27 19:49:40	1	1	1	0
        6	2024-06-27 20:03:13	1	1	1	0
       16	2024-06-27 20:03:19	1	1	1	0
       13	2024-06-28 07:38:38	1	1	1	0
        4	2024-06-28 08:29:00	1	0	1	0
       14	2024-06-28 08:35:14	1	0	1	0
       16	2024-06-28 08:38:05	1	0	1	0
        1	2024-06-28 08:59:13	1	0	1	0
        3	2024-06-28 09:15:08	1	0	1	0
        9	2024-06-28 09:30:49	1	0	1	0
       12	2024-06-28 09:30:58	1	0	1	0
        7	2024-06-28 09:37:05	1	0	1	0
        5	2024-06-28 09:50:53	1	0	1	0
       10	2024-06-28 10:03:40	1	0	1	0
        6	2024-06-28 11:24:09	1	0	1	0
        9	2024-06-28 16:47:07	1	0	1	0
       13	2024-06-28 17:45:17	1	0	1	0
       14	2024-06-28 18:04:15	1	0	1	0
        7	2024-06-28 18:12:58	1	1	1	0
        1	2024-06-28 19:12:58	1	1	1	0
        6	2024-06-28 19:26:40	1	1	1	0
        5	2024-06-28 19:49:52	1	1	1	0
       10	2024-06-28 20:10:26	1	1	1	0
        3	2024-06-28 20:23:48	1	1	1	0
       16	2024-06-29 00:52:46	1	1	1	0
        4	2024-07-01 07:41:54	1	0	1	0
       13	2024-07-01 07:48:39	1	0	1	0
       16	2024-07-01 08:05:44	1	0	1	0
       14	2024-07-01 08:33:44	1	0	1	0
        6	2024-07-01 08:50:12	1	0	1	0
       11	2024-07-01 09:04:29	1	0	1	0
       15	2024-07-01 09:17:38	1	0	1	0
        1	2024-07-01 09:20:43	1	0	1	0
       12	2024-07-01 09:30:21	1	0	1	0
       22	2024-07-01 09:35:21	1	0	1	0
        9	2024-07-01 09:42:44	1	0	1	0
        7	2024-07-01 09:54:43	1	0	1	0
        7	2024-07-01 09:54:44	1	0	1	0
        3	2024-07-01 10:00:28	1	0	1	0
       21	2024-07-01 10:04:28	1	0	16	0
       21	2024-07-01 10:04:30	1	0	16	0
       10	2024-07-01 10:15:52	1	0	1	0
       19	2024-07-01 14:06:37	1	0	1	0
        9	2024-07-01 15:46:01	1	0	1	0
        1	2024-07-01 17:33:39	1	0	1	0
       13	2024-07-01 17:34:46	1	0	1	0
       14	2024-07-01 18:04:57	1	0	1	0
       12	2024-07-01 18:53:13	1	1	1	0
       15	2024-07-01 18:55:20	1	1	1	0
       19	2024-07-01 18:56:52	1	1	1	0
        7	2024-07-01 19:13:48	1	1	1	0
        7	2024-07-01 19:13:50	1	1	1	0
       24	2024-07-01 19:13:55	1	1	1	0
       11	2024-07-01 19:14:05	1	1	1	0
        4	2024-07-01 19:14:15	1	1	1	0
       21	2024-07-01 19:34:41	1	1	16	0
       21	2024-07-01 19:34:43	1	1	16	0
        6	2024-07-01 20:34:12	1	1	1	0
       16	2024-07-01 20:34:17	1	1	1	0
        3	2024-07-01 20:34:27	1	1	1	0
       13	2024-07-02 07:50:00	1	1	1	0
       16	2024-07-02 07:52:07	1	0	1	0
       17	2024-07-02 08:10:04	1	0	1	0
        4	2024-07-02 08:21:01	1	0	1	0
       14	2024-07-02 08:24:42	1	0	1	0
       22	2024-07-02 08:40:53	1	0	1	0
        6	2024-07-02 08:55:19	1	0	1	0
       12	2024-07-02 09:05:49	1	0	1	0
       12	2024-07-02 09:05:52	1	0	1	0
       15	2024-07-02 09:12:00	1	0	1	0
       18	2024-07-02 09:24:44	1	0	1	0
       11	2024-07-02 09:31:43	1	0	1	0
       24	2024-07-02 09:31:47	1	0	1	0
       23	2024-07-02 09:51:08	1	0	1	0
       10	2024-07-02 09:53:48	1	0	1	0
        7	2024-07-02 09:53:51	1	0	1	0
        1	2024-07-02 09:59:08	1	0	1	0
       21	2024-07-02 10:00:45	1	0	16	0
       21	2024-07-02 10:00:47	1	0	1	0
        3	2024-07-02 10:08:31	1	0	1	0
       19	2024-07-02 10:31:59	1	0	1	0
        3	2024-07-02 16:30:52	1	0	1	0
       13	2024-07-02 16:30:57	1	0	1	0
        6	2024-07-02 16:31:01	1	0	1	0
        1	2024-07-02 16:31:27	1	0	1	0
       11	2024-07-02 16:35:51	1	0	1	0
       11	2024-07-02 16:36:02	1	1	1	0
       12	2024-07-02 16:36:06	1	1	1	0
       15	2024-07-02 16:36:08	1	1	1	0
       21	2024-07-02 16:57:27	1	1	16	0
       16	2024-07-02 17:50:28	1	1	1	0
        9	2024-07-02 18:16:32	1	1	1	0
       24	2024-07-02 18:33:15	1	1	1	0
       10	2024-07-02 18:44:25	1	1	1	0
        4	2024-07-02 20:38:22	1	1	1	0
        4	2024-07-02 20:47:32	1	1	1	0
       13	2024-07-03 07:35:54	1	1	16	0
       13	2024-07-03 07:35:56	1	1	1	0
       16	2024-07-03 08:18:42	1	0	1	0
        4	2024-07-03 08:50:01	1	0	1	0
        6	2024-07-03 08:59:15	1	0	1	0
       12	2024-07-03 09:07:13	1	0	1	0
        3	2024-07-03 09:13:57	1	0	1	0
       15	2024-07-03 09:14:01	1	0	1	0
       11	2024-07-03 09:21:21	1	0	1	0
        7	2024-07-03 09:48:33	1	0	1	0
       24	2024-07-03 10:02:18	1	0	1	0
       18	2024-07-03 10:21:39	1	0	1	0
       21	2024-07-03 12:10:51	1	0	16	0
       21	2024-07-03 12:10:53	1	0	16	0
       10	2024-07-03 13:02:25	1	0	1	0
       13	2024-07-03 17:42:34	1	0	1	0
       14	2024-07-03 18:04:50	1	0	1	0
       15	2024-07-03 18:08:04	1	0	1	0
       15	2024-07-03 18:08:26	1	1	1	0
       12	2024-07-03 18:18:35	1	1	1	0
       24	2024-07-03 18:21:47	1	1	1	0
       22	2024-07-03 18:47:02	1	1	1	0
        3	2024-07-03 18:48:45	1	1	1	0
       11	2024-07-03 19:03:29	1	1	1	0
        7	2024-07-03 19:03:34	1	1	1	0
        4	2024-07-03 19:04:11	1	1	1	0
        6	2024-07-03 19:44:20	1	1	1	0
       10	2024-07-03 19:44:30	1	1	1	0
        1	2024-07-03 19:44:34	1	1	1	0
       16	2024-07-03 19:44:39	1	1	1	0
       13	2024-07-04 07:44:20	1	1	1	0
       16	2024-07-04 08:20:51	1	0	1	0
       14	2024-07-04 08:25:17	1	0	1	0
        6	2024-07-04 08:55:56	1	0	1	0
       11	2024-07-04 09:02:32	1	0	1	0
        4	2024-07-04 09:11:47	1	0	1	0
        3	2024-07-04 09:32:01	1	0	1	0
        5	2024-07-04 09:49:25	1	0	1	0
       24	2024-07-04 09:51:33	1	0	1	0
        7	2024-07-04 10:03:08	1	0	1	0
       23	2024-07-04 12:28:50	1	0	1	0
       19	2024-07-04 16:22:52	1	0	1	0
       13	2024-07-04 17:13:39	1	0	1	0
        5	2024-07-04 18:04:18	1	0	1	0
       14	2024-07-04 18:20:58	1	0	1	0
        6	2024-07-04 18:28:59	1	0	1	0
       12	2024-07-04 18:34:09	1	1	1	0
       23	2024-07-04 18:35:41	1	1	1	0
        4	2024-07-04 18:39:43	1	1	1	0
        7	2024-07-04 18:44:06	1	1	1	0
       11	2024-07-04 18:44:10	1	1	1	0
       11	2024-07-04 18:44:12	1	1	1	0
       24	2024-07-04 18:49:56	1	1	16	0
       24	2024-07-04 18:49:57	1	1	1	0
       24	2024-07-04 18:49:58	1	1	16	0
        3	2024-07-04 18:52:00	1	1	1	0
       16	2024-07-04 19:25:05	1	1	1	0
        1	2024-07-04 19:25:08	1	1	1	0
       13	2024-07-05 07:39:02	1	1	1	0
       16	2024-07-05 08:17:28	1	0	1	0
       15	2024-07-05 08:46:32	1	0	1	0
        6	2024-07-05 08:50:53	1	0	1	0
       11	2024-07-05 09:22:58	1	0	1	0
       12	2024-07-05 09:32:48	1	0	1	0
        1	2024-07-05 09:33:16	1	0	1	0
       24	2024-07-05 09:35:23	1	0	1	0
        7	2024-07-05 09:38:23	1	0	1	0
        3	2024-07-05 09:53:53	1	0	1	0
       22	2024-07-05 10:30:32	1	0	1	0
       21	2024-07-05 10:36:37	1	0	16	0
       19	2024-07-05 12:01:22	1	0	1	0
       14	2024-07-05 12:39:39	1	0	1	0
       13	2024-07-05 17:03:21	1	0	1	0
       15	2024-07-05 17:35:04	1	1	1	0
       21	2024-07-05 17:48:02	1	1	16	0
       21	2024-07-05 17:48:04	1	1	16	0
       14	2024-07-05 17:48:05	1	1	1	0
       24	2024-07-05 18:18:57	1	1	1	0
        6	2024-07-05 18:19:17	1	1	1	0
       11	2024-07-05 18:27:34	1	1	1	0
        7	2024-07-05 18:27:49	1	1	1	0
        7	2024-07-05 18:27:51	1	1	1	0
        1	2024-07-05 18:59:22	1	1	1	0
       16	2024-07-05 19:00:10	1	1	1	0
        3	2024-07-05 19:00:14	1	1	1	0
        4	2024-07-05 20:36:59	1	1	1	0
        4	2024-07-05 20:37:08	1	1	1	0
       12	2024-07-05 21:15:15	1	1	1	0
       17	2024-07-08 07:16:06	1	0	1	0
       16	2024-07-08 08:03:07	1	0	1	0
       13	2024-07-08 08:04:23	1	0	1	0
       14	2024-07-08 08:19:53	1	0	1	0
        4	2024-07-08 08:35:43	1	0	1	0
        2	2024-07-08 08:46:22	1	0	1	0
        6	2024-07-08 09:01:38	1	0	1	0
       18	2024-07-08 09:17:31	1	0	1	0
       12	2024-07-08 09:17:35	1	0	1	0
        8	2024-07-08 09:27:25	1	0	1	0
        7	2024-07-08 09:27:28	1	0	1	0
       24	2024-07-08 09:35:49	1	0	1	0
       21	2024-07-08 09:36:39	1	0	16	0
        9	2024-07-08 09:38:55	1	0	1	0
       11	2024-07-08 09:39:00	1	0	1	0
        3	2024-07-08 10:08:01	1	0	1	0
       23	2024-07-08 10:50:37	1	0	1	0
        1	2024-07-08 10:50:43	1	0	1	0
       10	2024-07-08 11:11:35	1	0	1	0
       19	2024-07-08 13:52:26	1	0	1	0
       13	2024-07-08 17:29:10	1	0	1	0
       14	2024-07-08 18:10:12	1	0	1	0
       11	2024-07-08 18:13:47	1	1	1	0
       24	2024-07-08 18:16:40	1	1	1	0
        7	2024-07-08 18:24:50	1	1	1	0
       12	2024-07-08 18:24:54	1	1	1	0
       18	2024-07-08 18:33:58	1	1	1	0
       23	2024-07-08 18:34:04	1	1	1	0
        8	2024-07-08 19:00:30	1	1	1	0
       21	2024-07-08 19:00:35	1	1	16	0
       21	2024-07-08 19:00:37	1	1	16	0
        2	2024-07-08 19:25:52	1	1	1	0
        6	2024-07-08 19:25:55	1	1	1	0
        9	2024-07-08 19:35:05	1	1	1	0
        3	2024-07-08 19:46:06	1	1	1	0
       10	2024-07-08 19:46:10	1	1	1	0
        4	2024-07-08 19:51:01	1	1	1	0
        1	2024-07-08 20:07:11	1	1	1	0
       16	2024-07-08 20:07:15	1	1	1	0
       13	2024-07-09 07:57:23	1	1	1	0
        4	2024-07-09 08:06:32	1	0	1	0
       14	2024-07-09 08:27:28	1	0	1	0
       16	2024-07-09 08:33:09	1	0	1	0
        6	2024-07-09 08:58:17	1	0	1	0
       15	2024-07-09 09:05:25	1	0	1	0
        9	2024-07-09 09:14:41	1	0	1	0
        7	2024-07-09 09:17:46	1	0	1	0
        5	2024-07-09 09:17:49	1	0	1	0
       24	2024-07-09 09:23:34	1	0	16	0
       18	2024-07-09 09:36:10	1	0	1	0
        3	2024-07-09 09:53:32	1	0	1	0
       19	2024-07-09 10:09:30	1	0	1	0
        1	2024-07-09 12:25:23	1	0	1	0
        9	2024-07-09 17:06:09	1	0	1	0
       13	2024-07-09 17:12:04	1	0	1	0
        7	2024-07-09 17:26:25	1	1	1	0
       15	2024-07-09 17:26:33	1	1	1	0
        5	2024-07-09 17:49:35	1	1	1	0
       14	2024-07-09 17:49:50	1	1	1	0
       24	2024-07-09 18:03:58	1	1	1	0
       12	2024-07-09 18:17:05	1	1	1	0
        4	2024-07-09 18:19:43	1	1	1	0
        6	2024-07-09 18:42:29	1	1	1	0
        3	2024-07-09 18:44:34	1	1	1	0
       16	2024-07-09 19:33:24	1	1	1	0
        1	2024-07-09 19:33:27	1	1	1	0
        4	2024-07-10 07:50:40	1	0	1	0
       13	2024-07-10 07:55:06	1	0	1	0
       16	2024-07-10 08:17:09	1	0	1	0
       14	2024-07-10 08:29:44	1	0	1	0
       11	2024-07-10 09:22:25	1	0	1	0
        9	2024-07-10 09:27:40	1	0	1	0
        5	2024-07-10 09:35:36	1	0	1	0
        3	2024-07-10 09:53:45	1	0	1	0
        1	2024-07-10 09:56:12	1	0	1	0
       21	2024-07-10 10:27:55	1	0	16	0
       21	2024-07-10 10:27:57	1	0	16	0
       22	2024-07-10 11:00:37	1	0	1	0
       18	2024-07-10 11:24:53	1	0	1	0
        7	2024-07-10 14:15:07	1	0	1	0
       15	2024-07-10 14:15:11	1	0	1	0
        9	2024-07-10 17:14:48	1	0	1	0
       13	2024-07-10 17:27:50	1	0	1	0
       24	2024-07-10 18:01:27	1	0	1	0
       15	2024-07-10 18:01:59	1	0	1	0
       15	2024-07-10 18:02:07	1	1	1	0
       14	2024-07-10 18:10:46	1	1	1	0
       21	2024-07-10 18:10:52	1	1	16	0
       21	2024-07-10 18:10:54	1	1	16	0
       12	2024-07-10 18:13:10	1	1	1	0
        7	2024-07-10 18:48:26	1	1	1	0
       11	2024-07-10 18:48:32	1	1	1	0
       19	2024-07-10 18:54:51	1	1	1	0
        4	2024-07-10 19:28:23	1	1	1	0
        4	2024-07-10 19:28:25	1	1	16	0
        1	2024-07-10 19:37:36	1	1	1	0
       16	2024-07-10 19:37:43	1	1	1	0
        3	2024-07-10 19:37:46	1	1	1	0
       15	2024-07-13 10:11:16	1	1	1	0
       15	2024-07-13 10:14:33	1	0	1	0
       13	2024-07-15 08:08:04	1	0	1	0
       16	2024-07-15 08:17:10	1	0	1	0
        4	2024-07-15 08:24:59	1	0	1	0
        6	2024-07-15 08:50:18	1	0	1	0
        2	2024-07-15 08:57:50	1	0	1	0
        1	2024-07-15 08:59:25	1	0	1	0
       24	2024-07-15 09:23:43	1	0	1	0
       15	2024-07-15 09:25:17	1	0	1	0
        3	2024-07-15 09:30:46	1	0	1	0
       12	2024-07-15 09:40:20	1	0	1	0
       19	2024-07-15 09:58:53	1	0	1	0
       23	2024-07-15 11:55:16	1	0	1	0
       10	2024-07-15 12:25:00	1	0	1	0
       25	2024-07-15 17:04:42	1	0	16	0
       25	2024-07-15 17:04:44	1	0	16	0
       25	2024-07-15 17:04:53	1	0	1	0
       13	2024-07-15 17:13:34	1	0	1	0
       12	2024-07-15 18:32:03	1	1	1	0
       19	2024-07-15 18:43:03	1	1	1	0
       24	2024-07-15 19:02:01	1	1	1	0
       10	2024-07-15 19:07:04	1	1	1	0
       23	2024-07-15 19:13:09	1	1	1	0
        2	2024-07-15 19:13:59	1	1	1	0
        3	2024-07-15 19:14:01	1	1	1	0
        6	2024-07-15 19:14:32	1	1	1	0
        9	2024-07-15 19:18:20	1	1	1	0
        1	2024-07-15 19:34:00	1	1	1	0
       16	2024-07-15 19:34:40	1	1	1	0
        4	2024-07-15 20:01:36	1	1	1	0
        4	2024-07-16 06:03:56	1	0	1	0
       17	2024-07-16 07:00:57	1	0	1	0
       13	2024-07-16 07:49:41	1	0	1	0
       14	2024-07-16 08:19:36	1	0	1	0
       18	2024-07-16 08:44:34	1	0	1	0
       25	2024-07-16 08:44:39	1	0	1	0
        6	2024-07-16 08:52:06	1	0	1	0
        2	2024-07-16 08:52:08	1	0	1	0
        1	2024-07-16 09:07:29	1	0	1	0
       12	2024-07-16 09:15:15	1	0	1	0
        9	2024-07-16 09:26:22	1	0	1	0
       15	2024-07-16 09:28:19	1	0	1	0
       11	2024-07-16 09:35:26	1	0	1	0
       22	2024-07-16 09:53:51	1	0	1	0
       19	2024-07-16 10:03:55	1	0	1	0
        3	2024-07-16 10:09:00	1	0	16	0
        3	2024-07-16 10:09:02	1	0	16	0
       16	2024-07-16 13:18:19	1	0	1	0
       25	2024-07-16 16:50:13	1	1	1	0
       11	2024-07-16 17:06:58	1	1	1	0
       15	2024-07-16 17:07:08	1	1	1	0
       12	2024-07-16 17:17:12	1	1	1	0
       24	2024-07-16 17:18:08	1	1	1	0
       13	2024-07-16 17:18:28	1	1	1	0
        2	2024-07-16 18:39:18	1	1	1	0
        3	2024-07-16 18:39:24	1	1	1	0
       10	2024-07-16 18:40:34	1	1	1	0
       14	2024-07-16 18:41:39	1	1	1	0
       18	2024-07-16 18:42:41	1	1	1	0
        1	2024-07-16 18:47:54	1	1	1	0
        6	2024-07-16 18:48:03	1	1	1	0
       16	2024-07-16 18:48:56	1	1	1	0
       19	2024-07-16 18:55:01	1	1	1	0
        4	2024-07-16 18:59:17	1	1	1	0
       14	2024-07-17 07:31:24	1	1	1	0
       13	2024-07-17 07:41:27	1	1	1	0
       25	2024-07-17 08:20:24	1	1	1	0
       16	2024-07-17 08:25:11	1	0	1	0
        4	2024-07-17 08:40:13	1	0	1	0
        2	2024-07-17 08:52:36	1	0	1	0
        6	2024-07-17 09:00:04	1	0	1	0
       12	2024-07-17 09:04:45	1	0	1	0
        1	2024-07-17 09:13:53	1	0	1	0
       15	2024-07-17 09:13:58	1	0	1	0
       11	2024-07-17 09:32:42	1	0	1	0
       24	2024-07-17 09:34:49	1	0	1	0
       18	2024-07-17 10:22:46	1	0	1	0
       10	2024-07-17 10:48:41	1	0	1	0
       22	2024-07-17 10:48:43	1	0	1	0
        9	2024-07-17 11:53:28	1	0	1	0
       25	2024-07-17 16:52:44	1	1	1	0
       11	2024-07-17 17:07:19	1	1	1	0
       15	2024-07-17 17:07:27	1	1	1	0
       13	2024-07-17 17:07:31	1	1	1	0
       18	2024-07-17 17:49:25	1	1	1	0
       12	2024-07-17 17:59:36	1	1	1	0
       12	2024-07-17 17:59:38	1	1	1	0
       24	2024-07-17 17:59:49	1	1	1	0
       14	2024-07-17 18:05:44	1	1	1	0
        2	2024-07-17 18:06:06	1	1	16	0
        2	2024-07-17 18:06:08	1	1	16	0
       16	2024-07-17 18:38:21	1	1	1	0
        6	2024-07-17 18:38:27	1	1	1	0
       10	2024-07-17 18:58:12	1	1	1	0
        9	2024-07-17 18:58:17	1	1	1	0
        4	2024-07-17 19:50:17	1	1	1	0
       13	2024-07-18 07:50:14	1	1	1	0
       14	2024-07-18 08:00:40	1	1	1	0
        3	2024-07-18 08:40:33	1	1	1	0
        4	2024-07-18 08:43:09	1	0	1	0
       12	2024-07-18 08:45:10	1	0	1	0
        2	2024-07-18 09:05:52	1	0	16	0
        2	2024-07-18 09:05:53	1	0	16	0
        6	2024-07-18 09:05:58	1	0	1	0
       16	2024-07-18 09:14:05	1	0	1	0
        1	2024-07-18 09:21:02	1	0	1	0
       15	2024-07-18 09:22:50	1	0	1	0
        9	2024-07-18 09:44:09	1	0	1	0
       24	2024-07-18 09:56:30	1	0	1	0
       10	2024-07-18 11:38:24	1	0	1	0
       13	2024-07-18 17:14:18	1	0	1	0
        9	2024-07-18 18:26:42	1	0	1	0
       11	2024-07-18 18:36:36	1	0	1	0
        2	2024-07-18 18:38:11	1	0	16	0
        2	2024-07-18 18:38:13	1	0	16	0
        3	2024-07-18 18:38:26	1	1	1	0
       14	2024-07-18 18:40:22	1	1	1	0
       24	2024-07-18 18:40:37	1	1	1	0
        4	2024-07-18 18:40:50	1	1	16	0
        6	2024-07-18 18:47:20	1	1	1	0
       12	2024-07-18 18:54:39	1	1	1	0
       10	2024-07-18 18:56:14	1	1	1	0
        1	2024-07-18 19:03:10	1	1	1	0
       16	2024-07-18 19:03:30	1	1	1	0
        4	2024-07-19 07:32:28	1	0	1	0
       14	2024-07-19 08:20:39	1	0	1	0
       16	2024-07-19 08:21:28	1	0	1	0
       21	2024-07-19 08:51:03	1	0	16	0
       12	2024-07-19 08:53:43	1	0	1	0
        6	2024-07-19 09:00:27	1	0	1	0
        2	2024-07-19 09:05:55	1	0	1	0
       15	2024-07-19 09:08:05	1	0	1	0
        7	2024-07-19 09:19:19	1	0	1	0
        5	2024-07-19 09:20:43	1	0	1	0
        8	2024-07-19 09:24:00	1	0	1	0
        9	2024-07-19 09:35:17	1	0	1	0
       18	2024-07-19 09:41:27	1	0	1	0
       24	2024-07-19 09:41:57	1	0	1	0
        1	2024-07-19 09:52:42	1	0	1	0
        3	2024-07-19 09:58:46	1	0	1	0
       23	2024-07-19 10:13:02	1	0	16	0
       23	2024-07-19 10:13:03	1	0	1	0
       16	2024-07-19 13:48:38	1	1	1	0
        3	2024-07-19 13:48:40	1	1	1	0
        8	2024-07-19 17:09:47	1	1	1	0
       21	2024-07-19 17:09:52	1	1	1	0
        5	2024-07-19 17:22:04	1	1	1	0
        9	2024-07-19 18:06:14	1	1	1	0
        2	2024-07-19 18:11:09	1	1	1	0
       14	2024-07-19 18:11:32	1	1	1	0
        1	2024-07-19 18:16:11	1	1	1	0
        6	2024-07-19 18:16:16	1	1	1	0
       12	2024-07-19 18:28:24	1	1	1	0
        7	2024-07-19 18:30:49	1	1	1	0
       24	2024-07-19 18:30:52	1	1	1	0
        4	2024-07-19 18:35:35	1	1	1	0
       13	2024-07-22 07:52:30	1	1	1	0
       25	2024-07-22 08:10:29	1	0	1	0
       16	2024-07-22 08:33:38	1	0	1	0
       14	2024-07-22 08:34:48	1	0	1	0
        6	2024-07-22 09:03:12	1	0	1	0
        4	2024-07-22 09:09:23	1	0	1	0
       15	2024-07-22 09:09:27	1	0	1	0
       12	2024-07-22 09:18:34	1	0	1	0
        1	2024-07-22 09:33:00	1	0	1	0
       11	2024-07-22 09:34:17	1	0	1	0
       24	2024-07-22 09:40:08	1	0	1	0
       10	2024-07-22 10:14:13	1	0	1	0
        3	2024-07-22 10:23:43	1	0	1	0
       21	2024-07-22 10:23:50	1	0	16	0
       21	2024-07-22 10:23:52	1	0	16	0
       22	2024-07-22 11:02:34	1	0	1	0
       13	2024-07-22 17:01:33	1	1	1	0
       15	2024-07-22 17:01:38	1	1	1	0
       25	2024-07-22 17:05:07	1	1	1	0
       14	2024-07-22 18:06:01	1	1	1	0
       21	2024-07-22 18:14:05	1	1	16	0
       21	2024-07-22 18:14:07	1	1	16	0
       22	2024-07-22 18:14:11	1	1	1	0
        1	2024-07-22 18:36:12	1	1	1	0
        4	2024-07-22 18:46:38	1	1	1	0
       16	2024-07-22 19:00:12	1	1	1	0
        6	2024-07-22 19:00:18	1	1	1	0
        3	2024-07-22 19:00:28	1	1	1	0
       24	2024-07-22 19:07:26	1	1	1	0
        2	2024-07-23 07:53:15	1	1	1	0
       13	2024-07-23 07:54:25	1	1	1	0
       16	2024-07-23 08:14:10	1	0	1	0
       14	2024-07-23 08:34:31	1	0	1	0
        6	2024-07-23 08:57:38	1	0	1	0
       25	2024-07-23 08:58:44	1	0	1	0
       24	2024-07-23 09:05:12	1	0	1	0
       15	2024-07-23 09:14:16	1	0	1	0
       12	2024-07-23 09:20:56	1	0	1	0
        3	2024-07-23 09:31:02	1	0	1	0
        1	2024-07-23 09:35:01	1	0	1	0
        8	2024-07-23 09:35:12	1	0	1	0
       22	2024-07-23 09:35:16	1	0	1	0
       18	2024-07-23 09:45:52	1	0	1	0
        4	2024-07-23 09:46:46	1	0	1	0
       21	2024-07-23 09:51:50	1	0	16	0
       21	2024-07-23 09:51:52	1	0	16	0
        9	2024-07-23 09:51:56	1	0	1	0
       10	2024-07-23 10:02:48	1	0	1	0
       23	2024-07-23 10:11:13	1	0	1	0
       19	2024-07-23 10:14:38	1	0	1	0
       13	2024-07-23 17:19:19	1	0	1	0
       25	2024-07-23 17:33:13	1	1	1	0
       24	2024-07-23 18:05:36	1	1	1	0
       21	2024-07-23 18:11:51	1	1	16	0
       21	2024-07-23 18:11:53	1	1	16	0
       14	2024-07-23 18:17:24	1	1	1	0
        1	2024-07-23 18:45:02	1	1	1	0
        3	2024-07-23 18:47:03	1	1	1	0
        6	2024-07-23 18:47:06	1	1	1	0
       12	2024-07-23 18:57:48	1	1	1	0
       19	2024-07-23 19:05:40	1	1	1	0
       18	2024-07-23 19:19:06	1	1	1	0
       23	2024-07-23 19:19:29	1	1	1	0
        9	2024-07-23 19:43:30	1	1	1	0
       16	2024-07-23 20:05:48	1	1	1	0
        4	2024-07-24 07:40:55	1	0	1	0
       13	2024-07-24 07:56:35	1	0	1	0
       14	2024-07-24 08:25:12	1	0	1	0
       16	2024-07-24 08:30:27	1	0	1	0
        2	2024-07-24 09:00:49	1	0	1	0
        3	2024-07-24 09:06:14	1	0	1	0
       11	2024-07-24 09:06:19	1	0	1	0
        6	2024-07-24 09:09:36	1	0	1	0
       25	2024-07-24 09:13:37	1	0	1	0
       12	2024-07-24 09:16:27	1	0	1	0
       12	2024-07-24 09:16:29	1	0	1	0
       24	2024-07-24 09:27:08	1	0	1	0
       15	2024-07-24 09:29:03	1	0	1	0
        9	2024-07-24 09:42:18	1	0	16	0
       10	2024-07-24 09:51:57	1	0	1	0
        1	2024-07-24 09:56:54	1	0	1	0
       22	2024-07-24 10:49:16	1	0	1	0
        9	2024-07-24 16:13:53	1	0	1	0
       10	2024-07-24 16:38:23	1	0	1	0
       25	2024-07-24 16:55:13	1	1	1	0
       13	2024-07-24 17:00:56	1	1	1	0
       14	2024-07-24 18:04:00	1	1	1	0
        4	2024-07-24 18:13:12	1	1	16	0
        1	2024-07-24 18:30:19	1	1	1	0
        6	2024-07-24 18:34:56	1	1	1	0
        3	2024-07-24 18:35:00	1	1	1	0
        2	2024-07-24 18:35:10	1	1	1	0
       16	2024-07-24 18:35:20	1	1	1	0
       11	2024-07-24 18:36:51	1	1	1	0
        4	2024-07-25 06:35:29	1	0	1	0
       13	2024-07-25 07:56:34	1	0	1	0
       16	2024-07-25 08:19:01	1	0	1	0
       14	2024-07-25 08:29:53	1	0	1	0
        2	2024-07-25 08:55:57	1	0	16	0
       12	2024-07-25 09:02:03	1	0	1	0
        6	2024-07-25 09:09:54	1	0	1	0
       15	2024-07-25 09:14:23	1	0	1	0
        3	2024-07-25 09:28:04	1	0	1	0
        1	2024-07-25 09:30:28	1	0	1	0
       11	2024-07-25 09:38:31	1	0	1	0
        9	2024-07-25 09:56:19	1	0	1	0
       22	2024-07-25 10:47:24	1	0	1	0
       21	2024-07-25 12:00:38	1	0	16	0
       21	2024-07-25 12:00:40	1	0	16	0
       10	2024-07-25 12:14:54	1	0	1	0
       18	2024-07-25 14:25:55	1	0	1	0
       13	2024-07-25 17:05:51	1	0	1	0
       15	2024-07-25 17:27:23	1	0	1	0
       15	2024-07-25 17:27:34	1	1	1	0
       14	2024-07-25 18:07:18	1	1	1	0
        6	2024-07-25 18:12:11	1	1	1	0
       12	2024-07-25 18:19:16	1	1	1	0
        2	2024-07-25 18:44:51	1	1	16	0
        2	2024-07-25 18:44:55	1	1	16	0
        2	2024-07-25 18:44:57	1	1	16	0
        1	2024-07-25 18:45:57	1	1	1	0
        4	2024-07-25 19:05:31	1	1	16	0
        4	2024-07-25 19:05:33	1	1	16	0
       18	2024-07-25 19:07:03	1	1	1	0
        9	2024-07-25 19:26:28	1	1	1	0
       11	2024-07-25 19:27:25	1	1	1	0
       16	2024-07-25 21:34:18	1	1	1	0
        3	2024-07-25 21:34:25	1	1	1	0
       13	2024-07-26 07:49:20	1	1	1	0
       14	2024-07-26 08:15:26	1	1	1	0
        4	2024-07-26 08:17:10	1	0	1	0
       16	2024-07-26 08:24:27	1	0	1	0
        6	2024-07-26 08:59:19	1	0	1	0
       15	2024-07-26 09:14:33	1	0	1	0
        2	2024-07-26 09:21:55	1	0	1	0
       12	2024-07-26 09:24:33	1	0	1	0
        3	2024-07-26 10:03:41	1	0	1	0
       10	2024-07-26 10:21:31	1	0	1	0
       13	2024-07-26 17:07:20	1	0	1	0
       10	2024-07-26 17:20:32	1	0	1	0
       14	2024-07-26 17:55:33	1	0	1	0
       19	2024-07-26 18:36:40	1	0	1	0
        4	2024-07-26 18:54:09	1	1	1	0
       12	2024-07-26 18:54:16	1	1	1	0
        6	2024-07-26 18:54:37	1	1	1	0
        3	2024-07-26 18:55:14	1	1	1	0
        2	2024-07-26 18:55:18	1	1	1	0
       16	2024-07-26 18:55:25	1	1	1	0
        4	2024-07-29 06:46:00	1	0	1	0
       17	2024-07-29 07:07:42	1	0	1	0
       13	2024-07-29 07:59:44	1	0	1	0
       16	2024-07-29 08:10:38	1	0	1	0
       14	2024-07-29 08:28:49	1	0	1	0
        6	2024-07-29 09:01:14	1	0	1	0
       11	2024-07-29 09:12:03	1	0	1	0
        2	2024-07-29 09:12:15	1	0	1	0
       24	2024-07-29 09:14:59	1	0	1	0
       12	2024-07-29 09:17:34	1	0	1	0
       12	2024-07-29 09:17:37	1	0	1	0
       25	2024-07-29 09:19:45	1	0	1	0
        1	2024-07-29 09:22:55	1	0	1	0
        7	2024-07-29 09:31:16	1	0	1	0
        5	2024-07-29 09:31:19	1	0	1	0
        3	2024-07-29 09:53:56	1	0	1	0
       10	2024-07-29 10:02:29	1	0	1	0
       21	2024-07-29 10:16:20	1	0	16	0
       21	2024-07-29 10:16:22	1	0	16	0
       23	2024-07-29 10:16:25	1	0	1	0
       19	2024-07-29 10:24:16	1	0	1	0
       18	2024-07-29 10:34:50	1	0	1	0
       25	2024-07-29 17:01:06	1	1	1	0
       24	2024-07-29 17:09:30	1	1	1	0
       13	2024-07-29 17:16:24	1	1	1	0
       21	2024-07-29 17:32:27	1	1	16	0
       21	2024-07-29 17:32:29	1	1	1	0
       22	2024-07-29 17:49:22	1	1	1	0
       18	2024-07-29 17:49:28	1	1	1	0
       14	2024-07-29 18:11:25	1	1	1	0
       12	2024-07-29 18:17:28	1	1	1	0
        4	2024-07-29 18:37:34	1	1	1	0
        2	2024-07-29 18:39:49	1	1	1	0
        6	2024-07-29 18:39:58	1	1	1	0
        3	2024-07-29 18:40:00	1	1	1	0
        3	2024-07-29 18:40:02	1	1	1	0
        1	2024-07-29 18:40:05	1	1	1	0
       16	2024-07-29 18:40:14	1	1	1	0
       10	2024-07-29 19:18:12	1	1	1	0
        7	2024-07-29 19:30:55	1	1	1	0
       11	2024-07-29 19:30:59	1	1	1	0
       13	2024-07-30 07:58:11	1	1	1	0
       14	2024-07-30 08:30:01	1	1	1	0
       16	2024-07-30 08:41:55	1	0	1	0
       25	2024-07-30 09:00:27	1	0	1	0
        6	2024-07-30 09:04:54	1	0	1	0
       11	2024-07-30 09:18:58	1	0	1	0
        2	2024-07-30 09:21:12	1	0	1	0
       12	2024-07-30 09:21:19	1	0	1	0
        1	2024-07-30 09:21:50	1	0	1	0
        4	2024-07-30 09:35:48	1	0	1	0
        5	2024-07-30 09:39:35	1	0	1	0
        7	2024-07-30 09:51:48	1	0	1	0
        9	2024-07-30 11:20:03	1	0	16	0
        9	2024-07-30 11:20:05	1	0	16	0
       10	2024-07-30 11:20:08	1	0	1	0
       19	2024-07-30 11:44:50	1	0	1	0
       18	2024-07-30 16:01:27	1	0	16	0
       18	2024-07-30 16:01:31	1	0	16	0
       18	2024-07-30 16:01:33	1	0	16	0
       18	2024-07-30 16:01:56	1	1	1	0
       13	2024-07-30 17:24:05	1	1	1	0
       25	2024-07-30 17:25:52	1	1	1	0
       19	2024-07-30 18:13:37	1	1	1	0
       12	2024-07-30 18:31:21	1	1	1	0
        6	2024-07-30 18:39:59	1	1	1	0
        1	2024-07-30 18:54:45	1	1	16	0
        2	2024-07-30 18:59:05	1	1	1	0
       14	2024-07-30 18:59:08	1	1	1	0
       10	2024-07-30 18:59:24	1	1	1	0
       16	2024-07-30 19:07:32	1	1	1	0
        9	2024-07-30 19:12:19	1	1	16	0
        9	2024-07-30 19:12:21	1	1	16	0
       11	2024-07-30 19:42:12	1	1	1	0
        4	2024-07-31 06:56:01	1	1	16	0
        4	2024-07-31 06:56:03	1	1	16	0
        4	2024-07-31 06:56:05	1	1	16	0
        4	2024-07-31 06:56:11	1	0	1	0
       13	2024-07-31 08:00:32	1	0	1	0
       16	2024-07-31 08:14:37	1	0	1	0
       14	2024-07-31 08:30:58	1	0	1	0
       14	2024-07-31 08:30:59	1	0	1	0
        2	2024-07-31 09:02:01	1	0	16	0
        2	2024-07-31 09:02:03	1	0	16	0
       15	2024-07-31 09:02:12	1	0	1	0
        6	2024-07-31 09:05:32	1	0	1	0
        1	2024-07-31 09:18:46	1	0	1	0
       24	2024-07-31 09:21:19	1	0	1	0
       25	2024-07-31 09:26:56	1	0	1	0
       11	2024-07-31 09:30:06	1	0	1	0
        5	2024-07-31 09:37:19	1	0	1	0
        9	2024-07-31 09:44:57	1	0	16	0
        9	2024-07-31 09:44:59	1	0	16	0
       10	2024-07-31 11:34:16	1	0	1	0
       25	2024-07-31 15:55:13	1	1	1	0
       15	2024-07-31 17:17:21	1	1	1	0
       15	2024-07-31 17:17:22	1	1	1	0
       14	2024-07-31 17:29:40	1	1	1	0
       13	2024-07-31 17:29:45	1	1	1	0
        2	2024-07-31 18:11:45	1	1	16	0
        6	2024-07-31 18:39:57	1	1	1	0
        1	2024-07-31 18:40:01	1	1	1	0
       16	2024-07-31 18:40:05	1	1	1	0
        9	2024-07-31 18:49:50	1	1	16	0
        4	2024-07-31 19:02:18	1	1	16	0
        4	2024-07-31 19:02:20	1	1	16	0
       13	2024-08-01 07:59:56	1	1	1	0
       16	2024-08-01 08:05:07	1	0	1	0
       14	2024-08-01 08:27:15	1	0	1	0
       12	2024-08-01 09:10:31	1	0	1	0
        6	2024-08-01 09:13:44	1	0	1	0
        4	2024-08-01 09:15:16	1	0	1	0
       24	2024-08-01 09:20:53	1	0	1	0
        1	2024-08-01 09:23:47	1	0	1	0
       11	2024-08-01 09:29:43	1	0	1	0
       22	2024-08-01 09:42:48	1	0	1	0
        5	2024-08-01 09:45:31	1	0	1	0
        2	2024-08-01 09:45:34	1	0	1	0
        9	2024-08-01 09:45:39	1	0	1	0
       18	2024-08-01 10:31:02	1	0	1	0
       23	2024-08-01 11:03:08	1	0	1	0
       11	2024-08-01 16:45:30	1	0	1	0
       13	2024-08-01 17:04:25	1	0	1	0
        4	2024-08-01 17:35:10	1	0	16	0
       14	2024-08-01 18:10:58	1	0	1	0
        1	2024-08-01 18:52:58	1	0	1	0
        4	2024-08-01 18:57:01	1	1	1	0
       11	2024-08-01 18:57:08	1	1	16	0
       11	2024-08-01 18:57:10	1	1	16	0
       16	2024-08-01 19:13:24	1	1	1	0
        6	2024-08-01 19:13:28	1	1	1	0
        9	2024-08-01 19:16:52	1	1	16	0
        4	2024-08-02 06:44:57	1	0	1	0
       13	2024-08-02 07:57:44	1	0	1	0
       16	2024-08-02 07:58:21	1	0	1	0
       14	2024-08-02 08:24:15	1	0	1	0
        2	2024-08-02 08:59:48	1	0	1	0
        6	2024-08-02 09:05:15	1	0	1	0
        1	2024-08-02 09:23:11	1	0	1	0
        9	2024-08-02 09:38:11	1	0	16	0
        9	2024-08-02 09:38:13	1	0	16	0
        9	2024-08-02 14:56:39	1	1	1	0
        1	2024-08-02 14:59:08	1	1	1	0
        6	2024-08-02 18:16:52	1	1	1	0
       12	2024-08-02 18:39:41	1	1	1	0
       12	2024-08-02 18:39:44	1	1	1	0
       12	2024-08-02 18:39:47	1	1	1	0
       14	2024-08-02 18:41:03	1	1	1	0
       13	2024-08-02 18:41:15	1	1	1	0
        1	2024-08-02 19:06:24	1	1	1	0
       16	2024-08-02 19:06:29	1	1	1	0
       13	2024-08-05 08:05:16	1	1	1	0
       16	2024-08-05 08:26:42	1	0	1	0
       14	2024-08-05 08:34:41	1	0	1	0
        2	2024-08-05 09:07:18	1	0	1	0
        6	2024-08-05 09:18:51	1	0	1	0
        9	2024-08-05 09:43:03	1	0	1	0
        1	2024-08-05 09:45:11	1	0	1	0
       25	2024-08-05 09:51:20	1	0	1	0
       23	2024-08-05 10:10:47	1	0	1	0
        5	2024-08-05 10:14:14	1	0	1	0
       18	2024-08-05 10:16:43	1	0	1	0
